# time total cloud cover [-]
0 0.06172943115234375
3600 0.02685546875
7200 0.01219940185546875
10800 0.0101470947265625
14400 0.01921844482421875
18000 0.18216705322265625
21600 0.283966064453125
25200 0.27617645263671875
28800 0.14361572265625
32400 0.0075531005859375
36000 0.0
39600 0.04232025146484375
43200 0.1315155029296875
46800 0.784393310546875
50400 0.9938735961914062
54000 0.9969406127929688
57600 1.0
61200 1.0
64800 1.0
68400 1.0
72000 1.0
75600 1.0
79200 1.0
82800 1.0
86400 1.0
90000 1.0
93600 1.0
97200 1.0
100800 1.0
104400 1.0
108000 1.0
111600 1.0
115200 1.0
118800 1.0
122400 0.8140335083007812
126000 0.8954315185546875
129600 1.0
133200 1.0
136800 0.9939804077148438
140400 0.8713760375976562
144000 0.6901397705078125
147600 0.6102447509765625
151200 0.6036758422851562
154800 0.5671310424804688
158400 0.516326904296875
162000 0.3422088623046875
165600 0.49777984619140625
169200 0.5457229614257812
172800 0.8475265502929688
176400 0.9028854370117188
180000 0.7114410400390625
183600 0.754425048828125
187200 0.8554763793945312
190800 0.8227920532226562
194400 0.7244949340820312
198000 0.632171630859375
201600 0.45008087158203125
205200 0.5355987548828125
208800 0.51654052734375
212400 0.37912750244140625
216000 0.280548095703125
219600 0.32935333251953125
223200 0.5140762329101562
226800 0.5277557373046875
230400 0.5964813232421875
234000 0.5187530517578125
237600 0.1001739501953125
241200 0.02618408203125
244800 0.10064697265625
248400 0.16144561767578125
252000 0.30146026611328125
255600 0.1864013671875
259200 0.6959686279296875
262800 0.9296798706054688
266400 0.9945449829101562
270000 0.9920654296875
273600 0.9995346069335938
277200 0.9929122924804688
280800 0.9128952026367188
284400 0.657073974609375
288000 0.924224853515625
291600 0.9402236938476562
295200 1.0
298800 1.0
302400 1.0
306000 1.0
309600 1.0
313200 1.0
316800 1.0
320400 1.0
324000 1.0
327600 1.0
331200 1.0
334800 1.0
338400 1.0
342000 0.9995346069335938
345600 1.0
349200 1.0
352800 1.0
356400 1.0
360000 1.0
363600 0.99847412109375
367200 1.0
370800 1.0
374400 1.0
378000 1.0
381600 1.0
385200 1.0
388800 1.0
392400 1.0
396000 1.0
399600 1.0
403200 1.0
406800 1.0
410400 1.0
414000 1.0
417600 1.0
421200 1.0
424800 1.0
428400 1.0
432000 1.0
435600 1.0
439200 1.0
442800 1.0
446400 1.0
450000 1.0
453600 1.0
457200 1.0
460800 1.0
464400 1.0
468000 1.0
471600 1.0
475200 1.0
478800 1.0
482400 1.0
486000 1.0
489600 1.0
493200 1.0
496800 1.0
500400 1.0
504000 1.0
507600 1.0
511200 1.0
514800 1.0
518400 1.0
522000 1.0
525600 1.0
529200 1.0
532800 1.0
536400 1.0
540000 1.0
543600 1.0
547200 1.0
550800 1.0
554400 1.0
558000 1.0
561600 1.0
565200 1.0
568800 1.0
572400 0.987762451171875
576000 0.9878005981445312
579600 0.977783203125
583200 0.9954147338867188
586800 1.0
590400 1.0
594000 1.0
597600 0.985260009765625
601200 0.949310302734375
604800 0.9757080078125
608400 0.9914627075195312
612000 0.99847412109375
615600 1.0
619200 1.0
622800 1.0
626400 1.0
630000 1.0
633600 1.0
637200 0.99847412109375
640800 0.997467041015625
644400 1.0
648000 1.0
651600 1.0
655200 1.0
658800 1.0
662400 1.0
666000 0.9644699096679688
669600 0.9954147338867188
673200 0.97857666015625
676800 1.0
680400 0.9949264526367188
684000 1.0
687600 1.0
691200 1.0
694800 1.0
698400 1.0
702000 1.0
705600 1.0
709200 1.0
712800 1.0
716400 1.0
720000 0.9975433349609375
723600 1.0
727200 0.997467041015625
730800 0.9954452514648438
734400 1.0
738000 1.0
741600 1.0
745200 1.0
748800 0.9949264526367188
752400 0.9923858642578125
756000 1.0
759600 1.0
763200 1.0
766800 0.9893646240234375
770400 0.9969406127929688
774000 0.8095703125
777600 0.4550323486328125
781200 0.38332366943359375
784800 0.42920684814453125
788400 0.5489120483398438
792000 0.3524627685546875
795600 0.38838958740234375
799200 0.453948974609375
802800 0.8237152099609375
806400 0.855255126953125
810000 0.5242919921875
813600 0.486968994140625
817200 0.5524444580078125
820800 0.7989120483398438
824400 0.7360610961914062
828000 0.5373001098632812
831600 0.6432723999023438
835200 0.49457550048828125
838800 0.319732666015625
842400 0.2024383544921875
846000 0.16876220703125
849600 0.124176025390625
853200 0.14696502685546875
856800 0.28774261474609375
860400 0.25366973876953125
864000 0.18106842041015625
867600 0.07947540283203125
871200 0.01200103759765625
874800 0.0
878400 0.0
882000 0.0
885600 0.0
889200 0.0
892800 0.0
896400 0.0
900000 0.47299957275390625
903600 0.32601165771484375
907200 0.2204132080078125
910800 0.6076889038085938
914400 0.41968536376953125
918000 0.1033935546875
921600 0.05535125732421875
925200 0.2451019287109375
928800 0.22509765625
932400 0.41962432861328125
936000 0.33403778076171875
939600 0.2127532958984375
943200 0.6176528930664062
946800 0.1409454345703125
950400 0.12297821044921875
954000 0.1939849853515625
957600 0.0537872314453125
961200 0.01038360595703125
964800 0.00801849365234375
968400 0.0
972000 0.04727935791015625
975600 0.15587615966796875
979200 0.25865936279296875
982800 0.30284881591796875
986400 0.22170257568359375
990000 0.0172882080078125
993600 0.02390289306640625
997200 0.09995269775390625
1000800 0.28295135498046875
1004400 0.437652587890625
1008000 0.21718597412109375
1011600 0.1971588134765625
1015200 0.18135833740234375
1018800 0.17525482177734375
1022400 0.27782440185546875
1026000 0.15151214599609375
1029600 0.07241058349609375
1033200 0.05620574951171875
1036800 0.024871826171875
1040400 0.0312957763671875
1044000 0.00305938720703125
1047600 0.01358795166015625
1051200 0.00591278076171875
1054800 0.00848388671875
1058400 0.02683258056640625
1062000 0.06646728515625
1065600 0.06927490234375
1069200 0.07802581787109375
1072800 0.188934326171875
1076400 0.609527587890625
1080000 0.816162109375
1083600 0.83563232421875
1087200 0.6356124877929688
1090800 0.5614242553710938
1094400 0.09931182861328125
1098000 0.07696533203125
1101600 0.07389068603515625
1105200 0.03644561767578125
1108800 0.00608062744140625
1112400 0.0
1116000 0.0
1119600 0.0
1123200 0.0
1126800 0.0
1130400 0.0
1134000 0.0
1137600 0.0
1141200 0.0
1144800 0.0
1148400 0.0
1152000 0.0
1155600 0.003021240234375
1159200 0.0
1162800 0.0
1166400 0.0
1170000 0.0
1173600 0.0
1177200 0.0
1180800 0.182403564453125
1184400 0.16249847412109375
1188000 0.00556182861328125
1191600 0.0
1195200 0.0
1198800 0.0
1202400 0.0
1206000 0.0
1209600 0.0024566650390625
1213200 0.0
1216800 0.0
1220400 0.0
1224000 0.0
1227600 0.0
1231200 0.0
1234800 0.0
1238400 0.0
1242000 0.0
1245600 0.0
1249200 0.01964569091796875
1252800 0.15087890625
1256400 0.02329254150390625
1260000 0.0024566650390625
1263600 0.0234527587890625
1267200 0.12981414794921875
1270800 0.37619781494140625
1274400 0.69232177734375
1278000 0.9183425903320312
1281600 0.8843612670898438
1285200 0.371551513671875
1288800 0.696075439453125
1292400 0.93646240234375
1296000 0.9474029541015625
1299600 0.9745864868164062
1303200 0.9676895141601562
1306800 0.9738006591796875
1310400 0.9886016845703125
1314000 0.9542160034179688
1317600 0.961334228515625
1321200 0.8741912841796875
1324800 0.6091766357421875
1328400 0.05838775634765625
1332000 0.11492156982421875
1335600 0.35178375244140625
1339200 0.7544097900390625
1342800 0.5200119018554688
1346400 0.660125732421875
1350000 0.8368911743164062
1353600 0.9064559936523438
1357200 0.9045257568359375
1360800 0.8942794799804688
1364400 0.8125228881835938
1368000 0.7828445434570312
1371600 0.8422927856445312
1375200 0.9613418579101562
1378800 0.9937057495117188
1382400 0.974090576171875
1386000 0.99847412109375
1389600 1.0
1393200 1.0
1396800 1.0
1400400 1.0
1404000 1.0
1407600 1.0
1411200 1.0
1414800 1.0
1418400 0.9950942993164062
1422000 0.7516937255859375
1425600 0.422210693359375
1429200 0.40387725830078125
1432800 0.44757843017578125
1436400 0.45013427734375
1440000 0.31433868408203125
1443600 0.31209564208984375
1447200 0.33090972900390625
1450800 0.2638092041015625
1454400 0.13698577880859375
1458000 0.05634307861328125
1461600 0.6297073364257812
1465200 0.5824432373046875
1468800 0.41316986083984375
1472400 0.5339279174804688
1476000 0.887176513671875
1479600 0.8804473876953125
1483200 0.7426605224609375
1486800 0.6603851318359375
1490400 0.60089111328125
1494000 0.18866729736328125
1497600 0.2256317138671875
1501200 0.6044235229492188
1504800 0.48456573486328125
1508400 0.8808822631835938
1512000 0.933349609375
1515600 0.9958419799804688
1519200 0.9970016479492188
1522800 1.0
1526400 0.9995346069335938
1530000 0.9995346069335938
1533600 1.0
1537200 1.0
1540800 0.4448394775390625
1544400 0.38509368896484375
1548000 1.0
1551600 1.0
1555200 1.0
1558800 1.0
1562400 1.0
1566000 1.0
1569600 1.0
1573200 1.0
1576800 1.0
1580400 1.0
1584000 1.0
1587600 1.0
1591200 1.0
1594800 0.9970779418945312
1598400 1.0
1602000 0.9945449829101562
1605600 0.9927825927734375
1609200 1.0
1612800 1.0
1616400 1.0
1620000 1.0
1623600 1.0
1627200 1.0
1630800 0.9945220947265625
1634400 1.0
1638000 0.8881988525390625
1641600 0.9033355712890625
1645200 0.75146484375
1648800 0.02146148681640625
1652400 0.03153228759765625
1656000 0.19242095947265625
1659600 0.08553314208984375
1663200 0.03449249267578125
1666800 0.04885101318359375
1670400 0.3071441650390625
1674000 0.4378814697265625
1677600 0.6029739379882812
1681200 0.43224334716796875
1684800 0.5563201904296875
1688400 0.9035568237304688
1692000 0.8368988037109375
1695600 0.799530029296875
1699200 0.985626220703125
1702800 1.0
1706400 1.0
1710000 1.0
1713600 1.0
1717200 0.9801483154296875
1720800 0.98333740234375
1724400 1.0
1728000 1.0
1731600 0.9975433349609375
1735200 0.9759750366210938
1738800 0.969635009765625
1742400 0.9152069091796875
1746000 0.9605712890625
1749600 0.9848785400390625
1753200 0.9404067993164062
1756800 0.9723281860351562
1760400 0.8151702880859375
1764000 0.9912490844726562
1767600 0.990447998046875
1771200 0.8739242553710938
1774800 0.8266677856445312
1778400 0.40242767333984375
1782000 0.3967132568359375
1785600 0.3762664794921875
1789200 0.1587371826171875
1792800 0.30934906005859375
1796400 0.29964447021484375
1800000 0.16180419921875
1803600 0.02196502685546875
1807200 0.05078887939453125
1810800 0.075897216796875
1814400 0.0712127685546875
1818000 0.0938873291015625
1821600 0.1413421630859375
1825200 0.1210479736328125
1828800 0.18991851806640625
1832400 0.18935394287109375
1836000 0.18538665771484375
1839600 0.04985809326171875
1843200 0.39197540283203125
1846800 0.57000732421875
1850400 0.6862258911132812
1854000 0.8744735717773438
1857600 0.9870758056640625
1861200 0.987518310546875
1864800 0.9126663208007812
1868400 0.9051589965820312
1872000 0.6807174682617188
1875600 0.5420150756835938
1879200 0.41670989990234375
1882800 0.722991943359375
1886400 0.9950942993164062
1890000 0.9269561767578125
1893600 0.8754501342773438
1897200 0.9370651245117188
1900800 0.9325637817382812
