# campaign: 2024-09-08 00:00:00 2024-09-30 00:00:00
# time[s] total cloud cover [-]
0 0.0617294312
600 0.0559171041
1200 0.0501047770
1800 0.0442924500
2400 0.0384801229
3000 0.0326677958
3600 0.0268554688
4200 0.0244127909
4800 0.0219701131
5400 0.0195274353
6000 0.0170847575
6600 0.0146420797
7200 0.0121994019
7800 0.0118573507
8400 0.0115152995
9000 0.0111732483
9600 0.0108311971
10200 0.0104891459
10800 0.0101470947
11400 0.0116589864
12000 0.0131708781
12600 0.0146827698
13200 0.0161946615
13800 0.0177065531
14400 0.0192184448
15000 0.0463765462
15600 0.0735346476
16200 0.1006927490
16800 0.1278508504
17400 0.1550089518
18000 0.1821670532
18600 0.1991335551
19200 0.2161000570
19800 0.2330665588
20400 0.2500330607
21000 0.2669995626
21600 0.2839660645
22200 0.2826677958
22800 0.2813695272
23400 0.2800712585
24000 0.2787729899
24600 0.2774747213
25200 0.2761764526
25800 0.2540829976
26400 0.2319895426
27000 0.2098960876
27600 0.1878026326
28200 0.1657091777
28800 0.1436157227
29400 0.1209386190
30000 0.0982615153
30600 0.0755844116
31200 0.0529073079
31800 0.0302302043
32400 0.0075531006
33000 0.0062942505
33600 0.0050354004
34200 0.0037765503
34800 0.0025177002
35400 0.0012588501
36000 0.0000000000
36600 0.0070533752
37200 0.0141067505
37800 0.0211601257
38400 0.0282135010
39000 0.0352668762
39600 0.0423202515
40200 0.0571861267
40800 0.0720520020
41400 0.0869178772
42000 0.1017837524
42600 0.1166496277
43200 0.1315155029
43800 0.2403284709
44400 0.3491414388
45000 0.4579544067
45600 0.5667673747
46200 0.6755803426
46800 0.7843933105
47400 0.8193066915
48000 0.8542200724
48600 0.8891334534
49200 0.9240468343
49800 0.9589602153
50400 0.9938735962
51000 0.9943847656
51600 0.9948959351
52200 0.9954071045
52800 0.9959182739
53400 0.9964294434
54000 0.9969406128
54600 0.9974505107
55200 0.9979604085
55800 0.9984703064
56400 0.9989802043
57000 0.9994901021
57600 1.0000000000
58200 1.0000000000
58800 1.0000000000
59400 1.0000000000
60000 1.0000000000
60600 1.0000000000
61200 1.0000000000
61800 1.0000000000
62400 1.0000000000
63000 1.0000000000
63600 1.0000000000
64200 1.0000000000
64800 1.0000000000
65400 1.0000000000
66000 1.0000000000
66600 1.0000000000
67200 1.0000000000
67800 1.0000000000
68400 1.0000000000
69000 1.0000000000
69600 1.0000000000
70200 1.0000000000
70800 1.0000000000
71400 1.0000000000
72000 1.0000000000
72600 1.0000000000
73200 1.0000000000
73800 1.0000000000
74400 1.0000000000
75000 1.0000000000
75600 1.0000000000
76200 1.0000000000
76800 1.0000000000
77400 1.0000000000
78000 1.0000000000
78600 1.0000000000
79200 1.0000000000
79800 1.0000000000
80400 1.0000000000
81000 1.0000000000
81600 1.0000000000
82200 1.0000000000
82800 1.0000000000
83400 1.0000000000
84000 1.0000000000
84600 1.0000000000
85200 1.0000000000
85800 1.0000000000
86400 1.0000000000
87000 1.0000000000
87600 1.0000000000
88200 1.0000000000
88800 1.0000000000
89400 1.0000000000
90000 1.0000000000
90600 1.0000000000
91200 1.0000000000
91800 1.0000000000
92400 1.0000000000
93000 1.0000000000
93600 1.0000000000
94200 1.0000000000
94800 1.0000000000
95400 1.0000000000
96000 1.0000000000
96600 1.0000000000
97200 1.0000000000
97800 1.0000000000
98400 1.0000000000
99000 1.0000000000
99600 1.0000000000
100200 1.0000000000
100800 1.0000000000
101400 1.0000000000
102000 1.0000000000
102600 1.0000000000
103200 1.0000000000
103800 1.0000000000
104400 1.0000000000
105000 1.0000000000
105600 1.0000000000
106200 1.0000000000
106800 1.0000000000
107400 1.0000000000
108000 1.0000000000
108600 1.0000000000
109200 1.0000000000
109800 1.0000000000
110400 1.0000000000
111000 1.0000000000
111600 1.0000000000
112200 1.0000000000
112800 1.0000000000
113400 1.0000000000
114000 1.0000000000
114600 1.0000000000
115200 1.0000000000
115800 1.0000000000
116400 1.0000000000
117000 1.0000000000
117600 1.0000000000
118200 1.0000000000
118800 1.0000000000
119400 0.9690055847
120000 0.9380111694
120600 0.9070167542
121200 0.8760223389
121800 0.8450279236
122400 0.8140335083
123000 0.8275998433
123600 0.8411661784
124200 0.8547325134
124800 0.8682988485
125400 0.8818651835
126000 0.8954315186
126600 0.9128595988
127200 0.9302876790
127800 0.9477157593
128400 0.9651438395
129000 0.9825719198
129600 1.0000000000
130200 1.0000000000
130800 1.0000000000
131400 1.0000000000
132000 1.0000000000
132600 1.0000000000
133200 1.0000000000
133800 0.9989967346
134400 0.9979934692
135000 0.9969902039
135600 0.9959869385
136200 0.9949836731
136800 0.9939804077
137400 0.9735463460
138000 0.9531122843
138600 0.9326782227
139200 0.9122441610
139800 0.8918100993
140400 0.8713760376
141000 0.8411699931
141600 0.8109639486
142200 0.7807579041
142800 0.7505518595
143400 0.7203458150
144000 0.6901397705
144600 0.6768239339
145200 0.6635080973
145800 0.6501922607
146400 0.6368764242
147000 0.6235605876
147600 0.6102447510
148200 0.6091499329
148800 0.6080551147
149400 0.6069602966
150000 0.6058654785
150600 0.6047706604
151200 0.6036758423
151800 0.5975850423
152400 0.5914942424
153000 0.5854034424
153600 0.5793126424
154200 0.5732218424
154800 0.5671310425
155400 0.5586636861
156000 0.5501963298
156600 0.5417289734
157200 0.5332616170
157800 0.5247942607
158400 0.5163269043
159000 0.4873072306
159600 0.4582875570
160200 0.4292678833
160800 0.4002482096
161400 0.3712285360
162000 0.3422088623
162600 0.3681373596
163200 0.3940658569
163800 0.4199943542
164400 0.4459228516
165000 0.4718513489
165600 0.4977798462
166200 0.5057703654
166800 0.5137608846
167400 0.5217514038
168000 0.5297419230
168600 0.5377324422
169200 0.5457229614
169800 0.5960235596
170400 0.6463241577
171000 0.6966247559
171600 0.7469253540
172200 0.7972259521
172800 0.8475265503
173400 0.8567530314
174000 0.8659795125
174600 0.8752059937
175200 0.8844324748
175800 0.8936589559
176400 0.9028854370
177000 0.8709780375
177600 0.8390706380
178200 0.8071632385
178800 0.7752558390
179400 0.7433484395
180000 0.7114410400
180600 0.7186050415
181200 0.7257690430
181800 0.7329330444
182400 0.7400970459
183000 0.7472610474
183600 0.7544250488
184200 0.7712669373
184800 0.7881088257
185400 0.8049507141
186000 0.8217926025
186600 0.8386344910
187200 0.8554763794
187800 0.8500289917
188400 0.8445816040
189000 0.8391342163
189600 0.8336868286
190200 0.8282394409
190800 0.8227920532
191400 0.8064092000
192000 0.7900263468
192600 0.7736434937
193200 0.7572606405
193800 0.7408777873
194400 0.7244949341
195000 0.7091077169
195600 0.6937204997
196200 0.6783332825
196800 0.6629460653
197400 0.6475588481
198000 0.6321716309
198600 0.6018231710
199200 0.5714747111
199800 0.5411262512
200400 0.5107777913
201000 0.4804293315
201600 0.4500808716
202200 0.4643338521
202800 0.4785868327
203400 0.4928398132
204000 0.5070927938
204600 0.5213457743
205200 0.5355987549
205800 0.5324223836
206400 0.5292460124
207000 0.5260696411
207600 0.5228932699
208200 0.5197168986
208800 0.5165405273
209400 0.4936383565
210000 0.4707361857
210600 0.4478340149
211200 0.4249318441
211800 0.4020296733
212400 0.3791275024
213000 0.3626976013
213600 0.3462677002
214200 0.3298377991
214800 0.3134078979
215400 0.2969779968
216000 0.2805480957
216600 0.2886823018
217200 0.2968165080
217800 0.3049507141
218400 0.3130849202
219000 0.3212191264
219600 0.3293533325
220200 0.3601404826
220800 0.3909276326
221400 0.4217147827
222000 0.4525019328
222600 0.4832890828
223200 0.5140762329
223800 0.5163561503
224400 0.5186360677
225000 0.5209159851
225600 0.5231959025
226200 0.5254758199
226800 0.5277557373
227400 0.5392100016
228000 0.5506642660
228600 0.5621185303
229200 0.5735727946
229800 0.5850270589
230400 0.5964813232
231000 0.5835266113
231600 0.5705718994
232200 0.5576171875
232800 0.5446624756
233400 0.5317077637
234000 0.5187530518
234600 0.4489898682
235200 0.3792266846
235800 0.3094635010
236400 0.2397003174
237000 0.1699371338
237600 0.1001739502
238200 0.0878423055
238800 0.0755106608
239400 0.0631790161
240000 0.0508473714
240600 0.0385157267
241200 0.0261840820
241800 0.0385945638
242400 0.0510050456
243000 0.0634155273
243600 0.0758260091
244200 0.0882364909
244800 0.1006469727
245400 0.1107800802
246000 0.1209131877
246600 0.1310462952
247200 0.1411794027
247800 0.1513125102
248400 0.1614456177
249000 0.1847813924
249600 0.2081171672
250200 0.2314529419
250800 0.2547887166
251400 0.2781244914
252000 0.3014602661
252600 0.2822837830
253200 0.2631072998
253800 0.2439308167
254400 0.2247543335
255000 0.2055778503
255600 0.1864013672
256200 0.2713292440
256800 0.3562571208
257400 0.4411849976
258000 0.5261128743
258600 0.6110407511
259200 0.6959686279
259800 0.7349205017
260400 0.7738723755
261000 0.8128242493
261600 0.8517761230
262200 0.8907279968
262800 0.9296798706
263400 0.9404907227
264000 0.9513015747
264600 0.9621124268
265200 0.9729232788
265800 0.9837341309
266400 0.9945449829
267000 0.9941317240
267600 0.9937184652
268200 0.9933052063
268800 0.9928919474
269400 0.9924786886
270000 0.9920654297
270600 0.9933102926
271200 0.9945551554
271800 0.9958000183
272400 0.9970448812
273000 0.9982897441
273600 0.9995346069
274200 0.9984308879
274800 0.9973271688
275400 0.9962234497
276000 0.9951197306
276600 0.9940160116
277200 0.9929122925
277800 0.9795761108
278400 0.9662399292
279000 0.9529037476
279600 0.9395675659
280200 0.9262313843
280800 0.9128952026
281400 0.8702583313
282000 0.8276214600
282600 0.7849845886
283200 0.7423477173
283800 0.6997108459
284400 0.6570739746
285000 0.7015991211
285600 0.7461242676
286200 0.7906494141
286800 0.8351745605
287400 0.8796997070
288000 0.9242248535
288600 0.9268913269
289200 0.9295578003
289800 0.9322242737
290400 0.9348907471
291000 0.9375572205
291600 0.9402236938
292200 0.9501864115
292800 0.9601491292
293400 0.9701118469
294000 0.9800745646
294600 0.9900372823
295200 1.0000000000
295800 1.0000000000
296400 1.0000000000
297000 1.0000000000
297600 1.0000000000
298200 1.0000000000
298800 1.0000000000
299400 1.0000000000
300000 1.0000000000
300600 1.0000000000
301200 1.0000000000
301800 1.0000000000
302400 1.0000000000
303000 1.0000000000
303600 1.0000000000
304200 1.0000000000
304800 1.0000000000
305400 1.0000000000
306000 1.0000000000
306600 1.0000000000
307200 1.0000000000
307800 1.0000000000
308400 1.0000000000
309000 1.0000000000
309600 1.0000000000
310200 1.0000000000
310800 1.0000000000
311400 1.0000000000
312000 1.0000000000
312600 1.0000000000
313200 1.0000000000
313800 1.0000000000
314400 1.0000000000
315000 1.0000000000
315600 1.0000000000
316200 1.0000000000
316800 1.0000000000
317400 1.0000000000
318000 1.0000000000
318600 1.0000000000
319200 1.0000000000
319800 1.0000000000
320400 1.0000000000
321000 1.0000000000
321600 1.0000000000
322200 1.0000000000
322800 1.0000000000
323400 1.0000000000
324000 1.0000000000
324600 1.0000000000
325200 1.0000000000
325800 1.0000000000
326400 1.0000000000
327000 1.0000000000
327600 1.0000000000
328200 1.0000000000
328800 1.0000000000
329400 1.0000000000
330000 1.0000000000
330600 1.0000000000
331200 1.0000000000
331800 1.0000000000
332400 1.0000000000
333000 1.0000000000
333600 1.0000000000
334200 1.0000000000
334800 1.0000000000
335400 1.0000000000
336000 1.0000000000
336600 1.0000000000
337200 1.0000000000
337800 1.0000000000
338400 1.0000000000
339000 0.9999224345
339600 0.9998448690
340200 0.9997673035
340800 0.9996897380
341400 0.9996121724
342000 0.9995346069
342600 0.9996121724
343200 0.9996897380
343800 0.9997673035
344400 0.9998448690
345000 0.9999224345
345600 1.0000000000
346200 1.0000000000
346800 1.0000000000
347400 1.0000000000
348000 1.0000000000
348600 1.0000000000
349200 1.0000000000
349800 1.0000000000
350400 1.0000000000
351000 1.0000000000
351600 1.0000000000
352200 1.0000000000
352800 1.0000000000
353400 1.0000000000
354000 1.0000000000
354600 1.0000000000
355200 1.0000000000
355800 1.0000000000
356400 1.0000000000
357000 1.0000000000
357600 1.0000000000
358200 1.0000000000
358800 1.0000000000
359400 1.0000000000
360000 1.0000000000
360600 0.9997456868
361200 0.9994913737
361800 0.9992370605
362400 0.9989827474
363000 0.9987284342
363600 0.9984741211
364200 0.9987284342
364800 0.9989827474
365400 0.9992370605
366000 0.9994913737
366600 0.9997456868
367200 1.0000000000
367800 1.0000000000
368400 1.0000000000
369000 1.0000000000
369600 1.0000000000
370200 1.0000000000
370800 1.0000000000
371400 1.0000000000
372000 1.0000000000
372600 1.0000000000
373200 1.0000000000
373800 1.0000000000
374400 1.0000000000
375000 1.0000000000
375600 1.0000000000
376200 1.0000000000
376800 1.0000000000
377400 1.0000000000
378000 1.0000000000
378600 1.0000000000
379200 1.0000000000
379800 1.0000000000
380400 1.0000000000
381000 1.0000000000
381600 1.0000000000
382200 1.0000000000
382800 1.0000000000
383400 1.0000000000
384000 1.0000000000
384600 1.0000000000
385200 1.0000000000
385800 1.0000000000
386400 1.0000000000
387000 1.0000000000
387600 1.0000000000
388200 1.0000000000
388800 1.0000000000
389400 1.0000000000
390000 1.0000000000
390600 1.0000000000
391200 1.0000000000
391800 1.0000000000
392400 1.0000000000
393000 1.0000000000
393600 1.0000000000
394200 1.0000000000
394800 1.0000000000
395400 1.0000000000
396000 1.0000000000
396600 1.0000000000
397200 1.0000000000
397800 1.0000000000
398400 1.0000000000
399000 1.0000000000
399600 1.0000000000
400200 1.0000000000
400800 1.0000000000
401400 1.0000000000
402000 1.0000000000
402600 1.0000000000
403200 1.0000000000
403800 1.0000000000
404400 1.0000000000
405000 1.0000000000
405600 1.0000000000
406200 1.0000000000
406800 1.0000000000
407400 1.0000000000
408000 1.0000000000
408600 1.0000000000
409200 1.0000000000
409800 1.0000000000
410400 1.0000000000
411000 1.0000000000
411600 1.0000000000
412200 1.0000000000
412800 1.0000000000
413400 1.0000000000
414000 1.0000000000
414600 1.0000000000
415200 1.0000000000
415800 1.0000000000
416400 1.0000000000
417000 1.0000000000
417600 1.0000000000
418200 1.0000000000
418800 1.0000000000
419400 1.0000000000
420000 1.0000000000
420600 1.0000000000
421200 1.0000000000
421800 1.0000000000
422400 1.0000000000
423000 1.0000000000
423600 1.0000000000
424200 1.0000000000
424800 1.0000000000
425400 1.0000000000
426000 1.0000000000
426600 1.0000000000
427200 1.0000000000
427800 1.0000000000
428400 1.0000000000
429000 1.0000000000
429600 1.0000000000
430200 1.0000000000
430800 1.0000000000
431400 1.0000000000
432000 1.0000000000
432600 1.0000000000
433200 1.0000000000
433800 1.0000000000
434400 1.0000000000
435000 1.0000000000
435600 1.0000000000
436200 1.0000000000
436800 1.0000000000
437400 1.0000000000
438000 1.0000000000
438600 1.0000000000
439200 1.0000000000
439800 1.0000000000
440400 1.0000000000
441000 1.0000000000
441600 1.0000000000
442200 1.0000000000
442800 1.0000000000
443400 1.0000000000
444000 1.0000000000
444600 1.0000000000
445200 1.0000000000
445800 1.0000000000
446400 1.0000000000
447000 1.0000000000
447600 1.0000000000
448200 1.0000000000
448800 1.0000000000
449400 1.0000000000
450000 1.0000000000
450600 1.0000000000
451200 1.0000000000
451800 1.0000000000
452400 1.0000000000
453000 1.0000000000
453600 1.0000000000
454200 1.0000000000
454800 1.0000000000
455400 1.0000000000
456000 1.0000000000
456600 1.0000000000
457200 1.0000000000
457800 1.0000000000
458400 1.0000000000
459000 1.0000000000
459600 1.0000000000
460200 1.0000000000
460800 1.0000000000
461400 1.0000000000
462000 1.0000000000
462600 1.0000000000
463200 1.0000000000
463800 1.0000000000
464400 1.0000000000
465000 1.0000000000
465600 1.0000000000
466200 1.0000000000
466800 1.0000000000
467400 1.0000000000
468000 1.0000000000
468600 1.0000000000
469200 1.0000000000
469800 1.0000000000
470400 1.0000000000
471000 1.0000000000
471600 1.0000000000
472200 1.0000000000
472800 1.0000000000
473400 1.0000000000
474000 1.0000000000
474600 1.0000000000
475200 1.0000000000
475800 1.0000000000
476400 1.0000000000
477000 1.0000000000
477600 1.0000000000
478200 1.0000000000
478800 1.0000000000
479400 1.0000000000
480000 1.0000000000
480600 1.0000000000
481200 1.0000000000
481800 1.0000000000
482400 1.0000000000
483000 1.0000000000
483600 1.0000000000
484200 1.0000000000
484800 1.0000000000
485400 1.0000000000
486000 1.0000000000
486600 1.0000000000
487200 1.0000000000
487800 1.0000000000
488400 1.0000000000
489000 1.0000000000
489600 1.0000000000
490200 1.0000000000
490800 1.0000000000
491400 1.0000000000
492000 1.0000000000
492600 1.0000000000
493200 1.0000000000
493800 1.0000000000
494400 1.0000000000
495000 1.0000000000
495600 1.0000000000
496200 1.0000000000
496800 1.0000000000
497400 1.0000000000
498000 1.0000000000
498600 1.0000000000
499200 1.0000000000
499800 1.0000000000
500400 1.0000000000
501000 1.0000000000
501600 1.0000000000
502200 1.0000000000
502800 1.0000000000
503400 1.0000000000
504000 1.0000000000
504600 1.0000000000
505200 1.0000000000
505800 1.0000000000
506400 1.0000000000
507000 1.0000000000
507600 1.0000000000
508200 1.0000000000
508800 1.0000000000
509400 1.0000000000
510000 1.0000000000
510600 1.0000000000
511200 1.0000000000
511800 1.0000000000
512400 1.0000000000
513000 1.0000000000
513600 1.0000000000
514200 1.0000000000
514800 1.0000000000
515400 1.0000000000
516000 1.0000000000
516600 1.0000000000
517200 1.0000000000
517800 1.0000000000
518400 1.0000000000
519000 1.0000000000
519600 1.0000000000
520200 1.0000000000
520800 1.0000000000
521400 1.0000000000
522000 1.0000000000
522600 1.0000000000
523200 1.0000000000
523800 1.0000000000
524400 1.0000000000
525000 1.0000000000
525600 1.0000000000
526200 1.0000000000
526800 1.0000000000
527400 1.0000000000
528000 1.0000000000
528600 1.0000000000
529200 1.0000000000
529800 1.0000000000
530400 1.0000000000
531000 1.0000000000
531600 1.0000000000
532200 1.0000000000
532800 1.0000000000
533400 1.0000000000
534000 1.0000000000
534600 1.0000000000
535200 1.0000000000
535800 1.0000000000
536400 1.0000000000
537000 1.0000000000
537600 1.0000000000
538200 1.0000000000
538800 1.0000000000
539400 1.0000000000
540000 1.0000000000
540600 1.0000000000
541200 1.0000000000
541800 1.0000000000
542400 1.0000000000
543000 1.0000000000
543600 1.0000000000
544200 1.0000000000
544800 1.0000000000
545400 1.0000000000
546000 1.0000000000
546600 1.0000000000
547200 1.0000000000
547800 1.0000000000
548400 1.0000000000
549000 1.0000000000
549600 1.0000000000
550200 1.0000000000
550800 1.0000000000
551400 1.0000000000
552000 1.0000000000
552600 1.0000000000
553200 1.0000000000
553800 1.0000000000
554400 1.0000000000
555000 1.0000000000
555600 1.0000000000
556200 1.0000000000
556800 1.0000000000
557400 1.0000000000
558000 1.0000000000
558600 1.0000000000
559200 1.0000000000
559800 1.0000000000
560400 1.0000000000
561000 1.0000000000
561600 1.0000000000
562200 1.0000000000
562800 1.0000000000
563400 1.0000000000
564000 1.0000000000
564600 1.0000000000
565200 1.0000000000
565800 1.0000000000
566400 1.0000000000
567000 1.0000000000
567600 1.0000000000
568200 1.0000000000
568800 1.0000000000
569400 0.9979604085
570000 0.9959208171
570600 0.9938812256
571200 0.9918416341
571800 0.9898020426
572400 0.9877624512
573000 0.9877688090
573600 0.9877751668
574200 0.9877815247
574800 0.9877878825
575400 0.9877942403
576000 0.9878005981
576600 0.9861310323
577200 0.9844614665
577800 0.9827919006
578400 0.9811223348
579000 0.9794527690
579600 0.9777832031
580200 0.9807217916
580800 0.9836603800
581400 0.9865989685
582000 0.9895375570
582600 0.9924761454
583200 0.9954147339
583800 0.9961789449
584400 0.9969431559
585000 0.9977073669
585600 0.9984715780
586200 0.9992357890
586800 1.0000000000
587400 1.0000000000
588000 1.0000000000
588600 1.0000000000
589200 1.0000000000
589800 1.0000000000
590400 1.0000000000
591000 1.0000000000
591600 1.0000000000
592200 1.0000000000
592800 1.0000000000
593400 1.0000000000
594000 1.0000000000
594600 0.9975433350
595200 0.9950866699
595800 0.9926300049
596400 0.9901733398
597000 0.9877166748
597600 0.9852600098
598200 0.9792683919
598800 0.9732767741
599400 0.9672851562
600000 0.9612935384
600600 0.9553019206
601200 0.9493103027
601800 0.9537099202
602400 0.9581095378
603000 0.9625091553
603600 0.9669087728
604200 0.9713083903
604800 0.9757080078
605400 0.9783337911
606000 0.9809595744
606600 0.9835853577
607200 0.9862111410
607800 0.9888369242
608400 0.9914627075
609000 0.9926312764
609600 0.9937998454
610200 0.9949684143
610800 0.9961369832
611400 0.9973055522
612000 0.9984741211
612600 0.9987284342
613200 0.9989827474
613800 0.9992370605
614400 0.9994913737
615000 0.9997456868
615600 1.0000000000
616200 1.0000000000
616800 1.0000000000
617400 1.0000000000
618000 1.0000000000
618600 1.0000000000
619200 1.0000000000
619800 1.0000000000
620400 1.0000000000
621000 1.0000000000
621600 1.0000000000
622200 1.0000000000
622800 1.0000000000
623400 1.0000000000
624000 1.0000000000
624600 1.0000000000
625200 1.0000000000
625800 1.0000000000
626400 1.0000000000
627000 1.0000000000
627600 1.0000000000
628200 1.0000000000
628800 1.0000000000
629400 1.0000000000
630000 1.0000000000
630600 1.0000000000
631200 1.0000000000
631800 1.0000000000
632400 1.0000000000
633000 1.0000000000
633600 1.0000000000
634200 0.9997456868
634800 0.9994913737
635400 0.9992370605
636000 0.9989827474
636600 0.9987284342
637200 0.9984741211
637800 0.9983062744
638400 0.9981384277
639000 0.9979705811
639600 0.9978027344
640200 0.9976348877
640800 0.9974670410
641400 0.9978892008
642000 0.9983113607
642600 0.9987335205
643200 0.9991556803
643800 0.9995778402
644400 1.0000000000
645000 1.0000000000
645600 1.0000000000
646200 1.0000000000
646800 1.0000000000
647400 1.0000000000
648000 1.0000000000
648600 1.0000000000
649200 1.0000000000
649800 1.0000000000
650400 1.0000000000
651000 1.0000000000
651600 1.0000000000
652200 1.0000000000
652800 1.0000000000
653400 1.0000000000
654000 1.0000000000
654600 1.0000000000
655200 1.0000000000
655800 1.0000000000
656400 1.0000000000
657000 1.0000000000
657600 1.0000000000
658200 1.0000000000
658800 1.0000000000
659400 1.0000000000
660000 1.0000000000
660600 1.0000000000
661200 1.0000000000
661800 1.0000000000
662400 1.0000000000
663000 0.9940783183
663600 0.9881566366
664200 0.9822349548
664800 0.9763132731
665400 0.9703915914
666000 0.9644699097
666600 0.9696273804
667200 0.9747848511
667800 0.9799423218
668400 0.9850997925
669000 0.9902572632
669600 0.9954147339
670200 0.9926083883
670800 0.9898020426
671400 0.9869956970
672000 0.9841893514
672600 0.9813830058
673200 0.9785766602
673800 0.9821472168
674400 0.9857177734
675000 0.9892883301
675600 0.9928588867
676200 0.9964294434
676800 1.0000000000
677400 0.9991544088
678000 0.9983088175
678600 0.9974632263
679200 0.9966176351
679800 0.9957720439
680400 0.9949264526
681000 0.9957720439
681600 0.9966176351
682200 0.9974632263
682800 0.9983088175
683400 0.9991544088
684000 1.0000000000
684600 1.0000000000
685200 1.0000000000
685800 1.0000000000
686400 1.0000000000
687000 1.0000000000
687600 1.0000000000
688200 1.0000000000
688800 1.0000000000
689400 1.0000000000
690000 1.0000000000
690600 1.0000000000
691200 1.0000000000
691800 1.0000000000
692400 1.0000000000
693000 1.0000000000
693600 1.0000000000
694200 1.0000000000
694800 1.0000000000
695400 1.0000000000
696000 1.0000000000
696600 1.0000000000
697200 1.0000000000
697800 1.0000000000
698400 1.0000000000
699000 1.0000000000
699600 1.0000000000
700200 1.0000000000
700800 1.0000000000
701400 1.0000000000
702000 1.0000000000
702600 1.0000000000
703200 1.0000000000
703800 1.0000000000
704400 1.0000000000
705000 1.0000000000
705600 1.0000000000
706200 1.0000000000
706800 1.0000000000
707400 1.0000000000
708000 1.0000000000
708600 1.0000000000
709200 1.0000000000
709800 1.0000000000
710400 1.0000000000
711000 1.0000000000
711600 1.0000000000
712200 1.0000000000
712800 1.0000000000
713400 1.0000000000
714000 1.0000000000
714600 1.0000000000
715200 1.0000000000
715800 1.0000000000
716400 1.0000000000
717000 0.9995905558
717600 0.9991811117
718200 0.9987716675
718800 0.9983622233
719400 0.9979527791
720000 0.9975433350
720600 0.9979527791
721200 0.9983622233
721800 0.9987716675
722400 0.9991811117
723000 0.9995905558
723600 1.0000000000
724200 0.9995778402
724800 0.9991556803
725400 0.9987335205
726000 0.9983113607
726600 0.9978892008
727200 0.9974670410
727800 0.9971300761
728400 0.9967931112
729000 0.9964561462
729600 0.9961191813
730200 0.9957822164
730800 0.9954452515
731400 0.9962043762
732000 0.9969635010
732600 0.9977226257
733200 0.9984817505
733800 0.9992408752
734400 1.0000000000
735000 1.0000000000
735600 1.0000000000
736200 1.0000000000
736800 1.0000000000
737400 1.0000000000
738000 1.0000000000
738600 1.0000000000
739200 1.0000000000
739800 1.0000000000
740400 1.0000000000
741000 1.0000000000
741600 1.0000000000
742200 1.0000000000
742800 1.0000000000
743400 1.0000000000
744000 1.0000000000
744600 1.0000000000
745200 1.0000000000
745800 0.9991544088
746400 0.9983088175
747000 0.9974632263
747600 0.9966176351
748200 0.9957720439
748800 0.9949264526
749400 0.9945030212
750000 0.9940795898
750600 0.9936561584
751200 0.9932327271
751800 0.9928092957
752400 0.9923858643
753000 0.9936548869
753600 0.9949239095
754200 0.9961929321
754800 0.9974619548
755400 0.9987309774
756000 1.0000000000
756600 1.0000000000
757200 1.0000000000
757800 1.0000000000
758400 1.0000000000
759000 1.0000000000
759600 1.0000000000
760200 1.0000000000
760800 1.0000000000
761400 1.0000000000
762000 1.0000000000
762600 1.0000000000
763200 1.0000000000
763800 0.9982274373
764400 0.9964548747
765000 0.9946823120
765600 0.9929097493
766200 0.9911371867
766800 0.9893646240
767400 0.9906272888
768000 0.9918899536
768600 0.9931526184
769200 0.9944152832
769800 0.9956779480
770400 0.9969406128
771000 0.9657122294
771600 0.9344838460
772200 0.9032554626
772800 0.8720270793
773400 0.8407986959
774000 0.8095703125
774600 0.7504806519
775200 0.6913909912
775800 0.6323013306
776400 0.5732116699
777000 0.5141220093
777600 0.4550323486
778200 0.4430809021
778800 0.4311294556
779400 0.4191780090
780000 0.4072265625
780600 0.3952751160
781200 0.3833236694
781800 0.3909708659
782400 0.3986180623
783000 0.4062652588
783600 0.4139124552
784200 0.4215596517
784800 0.4292068481
785400 0.4491577148
786000 0.4691085815
786600 0.4890594482
787200 0.5090103149
787800 0.5289611816
788400 0.5489120483
789000 0.5161705017
789600 0.4834289551
790200 0.4506874084
790800 0.4179458618
791400 0.3852043152
792000 0.3524627686
792600 0.3584505717
793200 0.3644383748
793800 0.3704261780
794400 0.3764139811
795000 0.3824017843
795600 0.3883895874
796200 0.3993161519
796800 0.4102427165
797400 0.4211692810
798000 0.4320958455
798600 0.4430224101
799200 0.4539489746
799800 0.5155766805
800400 0.5772043864
801000 0.6388320923
801600 0.7004597982
802200 0.7620875041
802800 0.8237152100
803400 0.8289718628
804000 0.8342285156
804600 0.8394851685
805200 0.8447418213
805800 0.8499984741
806400 0.8552551270
807000 0.8000946045
807600 0.7449340820
808200 0.6897735596
808800 0.6346130371
809400 0.5794525146
810000 0.5242919922
810600 0.5180714925
811200 0.5118509928
811800 0.5056304932
812400 0.4994099935
813000 0.4931894938
813600 0.4869689941
814200 0.4978815715
814800 0.5087941488
815400 0.5197067261
816000 0.5306193034
816600 0.5415318807
817200 0.5524444580
817800 0.5935223897
818400 0.6346003215
819000 0.6756782532
819600 0.7167561849
820200 0.7578341166
820800 0.7989120483
821400 0.7884368896
822000 0.7779617310
822600 0.7674865723
823200 0.7570114136
823800 0.7465362549
824400 0.7360610962
825000 0.7029342651
825600 0.6698074341
826200 0.6366806030
826800 0.6035537720
827400 0.5704269409
828000 0.5373001099
828600 0.5549621582
829200 0.5726242065
829800 0.5902862549
830400 0.6079483032
831000 0.6256103516
831600 0.6432723999
832200 0.6184895833
832800 0.5937067668
833400 0.5689239502
834000 0.5441411336
834600 0.5193583171
835200 0.4945755005
835800 0.4654350281
836400 0.4362945557
837000 0.4071540833
837600 0.3780136108
838200 0.3488731384
838800 0.3197326660
839400 0.3001836141
840000 0.2806345622
840600 0.2610855103
841200 0.2415364583
841800 0.2219874064
842400 0.2024383545
843000 0.1968256632
843600 0.1912129720
844200 0.1856002808
844800 0.1799875895
845400 0.1743748983
846000 0.1687622070
846600 0.1613311768
847200 0.1539001465
847800 0.1464691162
848400 0.1390380859
849000 0.1316070557
849600 0.1241760254
850200 0.1279741923
850800 0.1317723592
851400 0.1355705261
852000 0.1393686930
852600 0.1431668599
853200 0.1469650269
853800 0.1704279582
854400 0.1938908895
855000 0.2173538208
855600 0.2408167521
856200 0.2642796834
856800 0.2877426147
857400 0.2820638021
858000 0.2763849894
858600 0.2707061768
859200 0.2650273641
859800 0.2593485514
860400 0.2536697388
861000 0.2415695190
861600 0.2294692993
862200 0.2173690796
862800 0.2052688599
863400 0.1931686401
864000 0.1810684204
864600 0.1641362508
865200 0.1472040812
865800 0.1302719116
866400 0.1133397420
867000 0.0964075724
867600 0.0794754028
868200 0.0682296753
868800 0.0569839478
869400 0.0457382202
870000 0.0344924927
870600 0.0232467651
871200 0.0120010376
871800 0.0100008647
872400 0.0080006917
873000 0.0060005188
873600 0.0040003459
874200 0.0020001729
874800 0.0000000000
875400 0.0000000000
876000 0.0000000000
876600 0.0000000000
877200 0.0000000000
877800 0.0000000000
878400 0.0000000000
879000 0.0000000000
879600 0.0000000000
880200 0.0000000000
880800 0.0000000000
881400 0.0000000000
882000 0.0000000000
882600 0.0000000000
883200 0.0000000000
883800 0.0000000000
884400 0.0000000000
885000 0.0000000000
885600 0.0000000000
886200 0.0000000000
886800 0.0000000000
887400 0.0000000000
888000 0.0000000000
888600 0.0000000000
889200 0.0000000000
889800 0.0000000000
890400 0.0000000000
891000 0.0000000000
891600 0.0000000000
892200 0.0000000000
892800 0.0000000000
893400 0.0000000000
894000 0.0000000000
894600 0.0000000000
895200 0.0000000000
895800 0.0000000000
896400 0.0000000000
897000 0.0788332621
897600 0.1576665243
898200 0.2364997864
898800 0.3153330485
899400 0.3941663106
900000 0.4729995728
900600 0.4485015869
901200 0.4240036011
901800 0.3995056152
902400 0.3750076294
903000 0.3505096436
903600 0.3260116577
904200 0.3084119161
904800 0.2908121745
905400 0.2732124329
906000 0.2556126912
906600 0.2380129496
907200 0.2204132080
907800 0.2849591573
908400 0.3495051066
909000 0.4140510559
909600 0.4785970052
910200 0.5431429545
910800 0.6076889038
911400 0.5763549805
912000 0.5450210571
912600 0.5136871338
913200 0.4823532104
913800 0.4510192871
914400 0.4196853638
915000 0.3669700623
915600 0.3142547607
916200 0.2615394592
916800 0.2088241577
917400 0.1561088562
918000 0.1033935547
918600 0.0953865051
919200 0.0873794556
919800 0.0793724060
920400 0.0713653564
921000 0.0633583069
921600 0.0553512573
922200 0.0869763692
922800 0.1186014811
923400 0.1502265930
924000 0.1818517049
924600 0.2134768168
925200 0.2451019287
925800 0.2417678833
926400 0.2384338379
927000 0.2350997925
927600 0.2317657471
928200 0.2284317017
928800 0.2250976562
929400 0.2575187683
930000 0.2899398804
930600 0.3223609924
931200 0.3547821045
931800 0.3872032166
932400 0.4196243286
933000 0.4053599040
933600 0.3910954793
934200 0.3768310547
934800 0.3625666300
935400 0.3483022054
936000 0.3340377808
936600 0.3138237000
937200 0.2936096191
937800 0.2733955383
938400 0.2531814575
939000 0.2329673767
939600 0.2127532959
940200 0.2802365621
940800 0.3477198283
941400 0.4152030945
942000 0.4826863607
942600 0.5501696269
943200 0.6176528931
943800 0.5382016500
944400 0.4587504069
945000 0.3792991638
945600 0.2998479207
946200 0.2203966777
946800 0.1409454346
947400 0.1379508972
948000 0.1349563599
948600 0.1319618225
949200 0.1289672852
949800 0.1259727478
950400 0.1229782104
951000 0.1348126729
951600 0.1466471354
952200 0.1584815979
952800 0.1703160604
953400 0.1821505229
954000 0.1939849854
954600 0.1706186930
955200 0.1472524007
955800 0.1238861084
956400 0.1005198161
957000 0.0771535238
957600 0.0537872314
958200 0.0465532939
958800 0.0393193563
959400 0.0320854187
960000 0.0248514811
960600 0.0176175435
961200 0.0103836060
961800 0.0099894206
962400 0.0095952352
963000 0.0092010498
963600 0.0088068644
964200 0.0084126790
964800 0.0080184937
965400 0.0066820780
966000 0.0053456624
966600 0.0040092468
967200 0.0026728312
967800 0.0013364156
968400 0.0000000000
969000 0.0078798930
969600 0.0157597860
970200 0.0236396790
970800 0.0315195719
971400 0.0393994649
972000 0.0472793579
972600 0.0653788249
973200 0.0834782918
973800 0.1015777588
974400 0.1196772257
975000 0.1377766927
975600 0.1558761597
976200 0.1730066935
976800 0.1901372274
977400 0.2072677612
978000 0.2243982951
978600 0.2415288289
979200 0.2586593628
979800 0.2660242716
980400 0.2733891805
981000 0.2807540894
981600 0.2881189982
982200 0.2954839071
982800 0.3028488159
983400 0.2893244425
984000 0.2758000692
984600 0.2622756958
985200 0.2487513224
985800 0.2352269491
986400 0.2217025757
987000 0.1876335144
987600 0.1535644531
988200 0.1194953918
988800 0.0854263306
989400 0.0513572693
990000 0.0172882080
990600 0.0183906555
991200 0.0194931030
991800 0.0205955505
992400 0.0216979980
993000 0.0228004456
993600 0.0239028931
994200 0.0365778605
994800 0.0492528280
995400 0.0619277954
996000 0.0746027629
996600 0.0872777303
997200 0.0999526978
997800 0.1304524740
998400 0.1609522502
999000 0.1914520264
999600 0.2219518026
1000200 0.2524515788
1000800 0.2829513550
1001400 0.3087348938
1002000 0.3345184326
1002600 0.3603019714
1003200 0.3860855103
1003800 0.4118690491
1004400 0.4376525879
1005000 0.4009081523
1005600 0.3641637166
1006200 0.3274192810
1006800 0.2906748454
1007400 0.2539304097
1008000 0.2171859741
1008600 0.2138481140
1009200 0.2105102539
1009800 0.2071723938
1010400 0.2038345337
1011000 0.2004966736
1011600 0.1971588135
1012200 0.1945254008
1012800 0.1918919881
1013400 0.1892585754
1014000 0.1866251628
1014600 0.1839917501
1015200 0.1813583374
1015800 0.1803410848
1016400 0.1793238322
1017000 0.1783065796
1017600 0.1772893270
1018200 0.1762720744
1018800 0.1752548218
1019400 0.1923497518
1020000 0.2094446818
1020600 0.2265396118
1021200 0.2436345418
1021800 0.2607294718
1022400 0.2778244019
1023000 0.2567723592
1023600 0.2357203166
1024200 0.2146682739
1024800 0.1936162313
1025400 0.1725641886
1026000 0.1515121460
1026600 0.1383285522
1027200 0.1251449585
1027800 0.1119613647
1028400 0.0987777710
1029000 0.0855941772
1029600 0.0724105835
1030200 0.0697097778
1030800 0.0670089722
1031400 0.0643081665
1032000 0.0616073608
1032600 0.0589065552
1033200 0.0562057495
1033800 0.0509834290
1034400 0.0457611084
1035000 0.0405387878
1035600 0.0353164673
1036200 0.0300941467
1036800 0.0248718262
1037400 0.0259424845
1038000 0.0270131429
1038600 0.0280838013
1039200 0.0291544596
1039800 0.0302251180
1040400 0.0312957764
1041000 0.0265897115
1041600 0.0218836466
1042200 0.0171775818
1042800 0.0124715169
1043400 0.0077654521
1044000 0.0030593872
1044600 0.0048141479
1045200 0.0065689087
1045800 0.0083236694
1046400 0.0100784302
1047000 0.0118331909
1047600 0.0135879517
1048200 0.0123087565
1048800 0.0110295614
1049400 0.0097503662
1050000 0.0084711711
1050600 0.0071919759
1051200 0.0059127808
1051800 0.0063412984
1052400 0.0067698161
1053000 0.0071983337
1053600 0.0076268514
1054200 0.0080553691
1054800 0.0084838867
1055400 0.0115420024
1056000 0.0146001180
1056600 0.0176582336
1057200 0.0207163493
1057800 0.0237744649
1058400 0.0268325806
1059000 0.0334383647
1059600 0.0400441488
1060200 0.0466499329
1060800 0.0532557170
1061400 0.0598615011
1062000 0.0664672852
1062600 0.0669352214
1063200 0.0674031576
1063800 0.0678710938
1064400 0.0683390299
1065000 0.0688069661
1065600 0.0692749023
1066200 0.0707333883
1066800 0.0721918742
1067400 0.0736503601
1068000 0.0751088460
1068600 0.0765673319
1069200 0.0780258179
1069800 0.0965105693
1070400 0.1149953206
1071000 0.1334800720
1071600 0.1519648234
1072200 0.1704495748
1072800 0.1889343262
1073400 0.2590332031
1074000 0.3291320801
1074600 0.3992309570
1075200 0.4693298340
1075800 0.5394287109
1076400 0.6095275879
1077000 0.6439666748
1077600 0.6784057617
1078200 0.7128448486
1078800 0.7472839355
1079400 0.7817230225
1080000 0.8161621094
1080600 0.8194071452
1081200 0.8226521810
1081800 0.8258972168
1082400 0.8291422526
1083000 0.8323872884
1083600 0.8356323242
1084200 0.8022956848
1084800 0.7689590454
1085400 0.7356224060
1086000 0.7022857666
1086600 0.6689491272
1087200 0.6356124878
1087800 0.6232477824
1088400 0.6108830770
1089000 0.5985183716
1089600 0.5861536662
1090200 0.5737889608
1090800 0.5614242554
1091400 0.4844055176
1092000 0.4073867798
1092600 0.3303680420
1093200 0.2533493042
1093800 0.1763305664
1094400 0.0993118286
1095000 0.0955874125
1095600 0.0918629964
1096200 0.0881385803
1096800 0.0844141642
1097400 0.0806897481
1098000 0.0769653320
1098600 0.0764528910
1099200 0.0759404500
1099800 0.0754280090
1100400 0.0749155680
1101000 0.0744031270
1101600 0.0738906860
1102200 0.0676498413
1102800 0.0614089966
1103400 0.0551681519
1104000 0.0489273071
1104600 0.0426864624
1105200 0.0364456177
1105800 0.0313847860
1106400 0.0263239543
1107000 0.0212631226
1107600 0.0162022909
1108200 0.0111414591
1108800 0.0060806274
1109400 0.0050671895
1110000 0.0040537516
1110600 0.0030403137
1111200 0.0020268758
1111800 0.0010134379
1112400 0.0000000000
1113000 0.0000000000
1113600 0.0000000000
1114200 0.0000000000
1114800 0.0000000000
1115400 0.0000000000
1116000 0.0000000000
1116600 0.0000000000
1117200 0.0000000000
1117800 0.0000000000
1118400 0.0000000000
1119000 0.0000000000
1119600 0.0000000000
1120200 0.0000000000
1120800 0.0000000000
1121400 0.0000000000
1122000 0.0000000000
1122600 0.0000000000
1123200 0.0000000000
1123800 0.0000000000
1124400 0.0000000000
1125000 0.0000000000
1125600 0.0000000000
1126200 0.0000000000
1126800 0.0000000000
1127400 0.0000000000
1128000 0.0000000000
1128600 0.0000000000
1129200 0.0000000000
1129800 0.0000000000
1130400 0.0000000000
1131000 0.0000000000
1131600 0.0000000000
1132200 0.0000000000
1132800 0.0000000000
1133400 0.0000000000
1134000 0.0000000000
1134600 0.0000000000
1135200 0.0000000000
1135800 0.0000000000
1136400 0.0000000000
1137000 0.0000000000
1137600 0.0000000000
1138200 0.0000000000
1138800 0.0000000000
1139400 0.0000000000
1140000 0.0000000000
1140600 0.0000000000
1141200 0.0000000000
1141800 0.0000000000
1142400 0.0000000000
1143000 0.0000000000
1143600 0.0000000000
1144200 0.0000000000
1144800 0.0000000000
1145400 0.0000000000
1146000 0.0000000000
1146600 0.0000000000
1147200 0.0000000000
1147800 0.0000000000
1148400 0.0000000000
1149000 0.0000000000
1149600 0.0000000000
1150200 0.0000000000
1150800 0.0000000000
1151400 0.0000000000
1152000 0.0000000000
1152600 0.0005035400
1153200 0.0010070801
1153800 0.0015106201
1154400 0.0020141602
1155000 0.0025177002
1155600 0.0030212402
1156200 0.0025177002
1156800 0.0020141602
1157400 0.0015106201
1158000 0.0010070801
1158600 0.0005035400
1159200 0.0000000000
1159800 0.0000000000
1160400 0.0000000000
1161000 0.0000000000
1161600 0.0000000000
1162200 0.0000000000
1162800 0.0000000000
1163400 0.0000000000
1164000 0.0000000000
1164600 0.0000000000
1165200 0.0000000000
1165800 0.0000000000
1166400 0.0000000000
1167000 0.0000000000
1167600 0.0000000000
1168200 0.0000000000
1168800 0.0000000000
1169400 0.0000000000
1170000 0.0000000000
1170600 0.0000000000
1171200 0.0000000000
1171800 0.0000000000
1172400 0.0000000000
1173000 0.0000000000
1173600 0.0000000000
1174200 0.0000000000
1174800 0.0000000000
1175400 0.0000000000
1176000 0.0000000000
1176600 0.0000000000
1177200 0.0000000000
1177800 0.0304005941
1178400 0.0608011882
1179000 0.0912017822
1179600 0.1216023763
1180200 0.1520029704
1180800 0.1824035645
1181400 0.1790860494
1182000 0.1757685343
1182600 0.1724510193
1183200 0.1691335042
1183800 0.1658159892
1184400 0.1624984741
1185000 0.1363423665
1185600 0.1101862590
1186200 0.0840301514
1186800 0.0578740438
1187400 0.0317179362
1188000 0.0055618286
1188600 0.0046348572
1189200 0.0037078857
1189800 0.0027809143
1190400 0.0018539429
1191000 0.0009269714
1191600 0.0000000000
1192200 0.0000000000
1192800 0.0000000000
1193400 0.0000000000
1194000 0.0000000000
1194600 0.0000000000
1195200 0.0000000000
1195800 0.0000000000
1196400 0.0000000000
1197000 0.0000000000
1197600 0.0000000000
1198200 0.0000000000
1198800 0.0000000000
1199400 0.0000000000
1200000 0.0000000000
1200600 0.0000000000
1201200 0.0000000000
1201800 0.0000000000
1202400 0.0000000000
1203000 0.0000000000
1203600 0.0000000000
1204200 0.0000000000
1204800 0.0000000000
1205400 0.0000000000
1206000 0.0000000000
1206600 0.0004094442
1207200 0.0008188883
1207800 0.0012283325
1208400 0.0016377767
1209000 0.0020472209
1209600 0.0024566650
1210200 0.0020472209
1210800 0.0016377767
1211400 0.0012283325
1212000 0.0008188883
1212600 0.0004094442
1213200 0.0000000000
1213800 0.0000000000
1214400 0.0000000000
1215000 0.0000000000
1215600 0.0000000000
1216200 0.0000000000
1216800 0.0000000000
1217400 0.0000000000
1218000 0.0000000000
1218600 0.0000000000
1219200 0.0000000000
1219800 0.0000000000
1220400 0.0000000000
1221000 0.0000000000
1221600 0.0000000000
1222200 0.0000000000
1222800 0.0000000000
1223400 0.0000000000
1224000 0.0000000000
1224600 0.0000000000
1225200 0.0000000000
1225800 0.0000000000
1226400 0.0000000000
1227000 0.0000000000
1227600 0.0000000000
1228200 0.0000000000
1228800 0.0000000000
1229400 0.0000000000
1230000 0.0000000000
1230600 0.0000000000
1231200 0.0000000000
1231800 0.0000000000
1232400 0.0000000000
1233000 0.0000000000
1233600 0.0000000000
1234200 0.0000000000
1234800 0.0000000000
1235400 0.0000000000
1236000 0.0000000000
1236600 0.0000000000
1237200 0.0000000000
1237800 0.0000000000
1238400 0.0000000000
1239000 0.0000000000
1239600 0.0000000000
1240200 0.0000000000
1240800 0.0000000000
1241400 0.0000000000
1242000 0.0000000000
1242600 0.0000000000
1243200 0.0000000000
1243800 0.0000000000
1244400 0.0000000000
1245000 0.0000000000
1245600 0.0000000000
1246200 0.0032742818
1246800 0.0065485636
1247400 0.0098228455
1248000 0.0130971273
1248600 0.0163714091
1249200 0.0196456909
1249800 0.0415178935
1250400 0.0633900960
1251000 0.0852622986
1251600 0.1071345011
1252200 0.1290067037
1252800 0.1508789062
1253400 0.1296145121
1254000 0.1083501180
1254600 0.0870857239
1255200 0.0658213298
1255800 0.0445569356
1256400 0.0232925415
1257000 0.0198198954
1257600 0.0163472493
1258200 0.0128746033
1258800 0.0094019572
1259400 0.0059293111
1260000 0.0024566650
1260600 0.0059560140
1261200 0.0094553630
1261800 0.0129547119
1262400 0.0164540609
1263000 0.0199534098
1263600 0.0234527588
1264200 0.0411796570
1264800 0.0589065552
1265400 0.0766334534
1266000 0.0943603516
1266600 0.1120872498
1267200 0.1298141479
1267800 0.1708780924
1268400 0.2119420369
1269000 0.2530059814
1269600 0.2940699259
1270200 0.3351338704
1270800 0.3761978149
1271400 0.4288851420
1272000 0.4815724691
1272600 0.5342597961
1273200 0.5869471232
1273800 0.6396344503
1274400 0.6923217773
1275000 0.7299919128
1275600 0.7676620483
1276200 0.8053321838
1276800 0.8430023193
1277400 0.8806724548
1278000 0.9183425903
1278600 0.9126790365
1279200 0.9070154826
1279800 0.9013519287
1280400 0.8956883748
1281000 0.8900248210
1281600 0.8843612671
1282200 0.7988929749
1282800 0.7134246826
1283400 0.6279563904
1284000 0.5424880981
1284600 0.4570198059
1285200 0.3715515137
1285800 0.4256388346
1286400 0.4797261556
1287000 0.5338134766
1287600 0.5879007975
1288200 0.6419881185
1288800 0.6960754395
1289400 0.7361399333
1290000 0.7762044271
1290600 0.8162689209
1291200 0.8563334147
1291800 0.8963979085
1292400 0.9364624023
1293000 0.9382858276
1293600 0.9401092529
1294200 0.9419326782
1294800 0.9437561035
1295400 0.9455795288
1296000 0.9474029541
1296600 0.9519335429
1297200 0.9564641317
1297800 0.9609947205
1298400 0.9655253092
1299000 0.9700558980
1299600 0.9745864868
1300200 0.9734369914
1300800 0.9722874959
1301400 0.9711380005
1302000 0.9699885050
1302600 0.9688390096
1303200 0.9676895142
1303800 0.9687080383
1304400 0.9697265625
1305000 0.9707450867
1305600 0.9717636108
1306200 0.9727821350
1306800 0.9738006592
1307400 0.9762674967
1308000 0.9787343343
1308600 0.9812011719
1309200 0.9836680094
1309800 0.9861348470
1310400 0.9886016846
1311000 0.9828707377
1311600 0.9771397909
1312200 0.9714088440
1312800 0.9656778971
1313400 0.9599469503
1314000 0.9542160034
1314600 0.9554023743
1315200 0.9565887451
1315800 0.9577751160
1316400 0.9589614868
1317000 0.9601478577
1317600 0.9613342285
1318200 0.9468104045
1318800 0.9322865804
1319400 0.9177627563
1320000 0.9032389323
1320600 0.8887151082
1321200 0.8741912842
1321800 0.8300221761
1322400 0.7858530680
1323000 0.7416839600
1323600 0.6975148519
1324200 0.6533457438
1324800 0.6091766357
1325400 0.5173784892
1326000 0.4255803426
1326600 0.3337821960
1327200 0.2419840495
1327800 0.1501859029
1328400 0.0583877563
1329000 0.0678100586
1329600 0.0772323608
1330200 0.0866546631
1330800 0.0960769653
1331400 0.1054992676
1332000 0.1149215698
1332600 0.1543986003
1333200 0.1938756307
1333800 0.2333526611
1334400 0.2728296916
1335000 0.3123067220
1335600 0.3517837524
1336200 0.4188880920
1336800 0.4859924316
1337400 0.5530967712
1338000 0.6202011108
1338600 0.6873054504
1339200 0.7544097900
1339800 0.7153434753
1340400 0.6762771606
1341000 0.6372108459
1341600 0.5981445312
1342200 0.5590782166
1342800 0.5200119019
1343400 0.5433642069
1344000 0.5667165120
1344600 0.5900688171
1345200 0.6134211222
1345800 0.6367734273
1346400 0.6601257324
1347000 0.6895866394
1347600 0.7190475464
1348200 0.7485084534
1348800 0.7779693604
1349400 0.8074302673
1350000 0.8368911743
1350600 0.8484853109
1351200 0.8600794474
1351800 0.8716735840
1352400 0.8832677205
1353000 0.8948618571
1353600 0.9064559937
1354200 0.9061342875
1354800 0.9058125814
1355400 0.9054908752
1356000 0.9051691691
1356600 0.9048474630
1357200 0.9045257568
1357800 0.9028180440
1358400 0.9011103312
1359000 0.8994026184
1359600 0.8976949056
1360200 0.8959871928
1360800 0.8942794800
1361400 0.8806533813
1362000 0.8670272827
1362600 0.8534011841
1363200 0.8397750854
1363800 0.8261489868
1364400 0.8125228882
1365000 0.8075764974
1365600 0.8026301066
1366200 0.7976837158
1366800 0.7927373250
1367400 0.7877909342
1368000 0.7828445435
1368600 0.7927525838
1369200 0.8026606242
1369800 0.8125686646
1370400 0.8224767049
1371000 0.8323847453
1371600 0.8422927856
1372200 0.8621342977
1372800 0.8819758097
1373400 0.9018173218
1374000 0.9216588338
1374600 0.9415003459
1375200 0.9613418579
1375800 0.9667358398
1376400 0.9721298218
1377000 0.9775238037
1377600 0.9829177856
1378200 0.9883117676
1378800 0.9937057495
1379400 0.9904365540
1380000 0.9871673584
1380600 0.9838981628
1381200 0.9806289673
1381800 0.9773597717
1382400 0.9740905762
1383000 0.9781545003
1383600 0.9822184245
1384200 0.9862823486
1384800 0.9903462728
1385400 0.9944101969
1386000 0.9984741211
1386600 0.9987284342
1387200 0.9989827474
1387800 0.9992370605
1388400 0.9994913737
1389000 0.9997456868
1389600 1.0000000000
1390200 1.0000000000
1390800 1.0000000000
1391400 1.0000000000
1392000 1.0000000000
1392600 1.0000000000
1393200 1.0000000000
1393800 1.0000000000
1394400 1.0000000000
1395000 1.0000000000
1395600 1.0000000000
1396200 1.0000000000
1396800 1.0000000000
1397400 1.0000000000
1398000 1.0000000000
1398600 1.0000000000
1399200 1.0000000000
1399800 1.0000000000
1400400 1.0000000000
1401000 1.0000000000
1401600 1.0000000000
1402200 1.0000000000
1402800 1.0000000000
1403400 1.0000000000
1404000 1.0000000000
1404600 1.0000000000
1405200 1.0000000000
1405800 1.0000000000
1406400 1.0000000000
1407000 1.0000000000
1407600 1.0000000000
1408200 1.0000000000
1408800 1.0000000000
1409400 1.0000000000
1410000 1.0000000000
1410600 1.0000000000
1411200 1.0000000000
1411800 1.0000000000
1412400 1.0000000000
1413000 1.0000000000
1413600 1.0000000000
1414200 1.0000000000
1414800 1.0000000000
1415400 0.9991823832
1416000 0.9983647664
1416600 0.9975471497
1417200 0.9967295329
1417800 0.9959119161
1418400 0.9950942993
1419000 0.9545275370
1419600 0.9139607747
1420200 0.8733940125
1420800 0.8328272502
1421400 0.7922604879
1422000 0.7516937256
1422600 0.6967798869
1423200 0.6418660482
1423800 0.5869522095
1424400 0.5320383708
1425000 0.4771245321
1425600 0.4222106934
1426200 0.4191551208
1426800 0.4160995483
1427400 0.4130439758
1428000 0.4099884033
1428600 0.4069328308
1429200 0.4038772583
1429800 0.4111607869
1430400 0.4184443156
1431000 0.4257278442
1431600 0.4330113729
1432200 0.4402949015
1432800 0.4475784302
1433400 0.4480044047
1434000 0.4484303792
1434600 0.4488563538
1435200 0.4492823283
1435800 0.4497083028
1436400 0.4501342773
1437000 0.4275016785
1437600 0.4048690796
1438200 0.3822364807
1438800 0.3596038818
1439400 0.3369712830
1440000 0.3143386841
1440600 0.3139648438
1441200 0.3135910034
1441800 0.3132171631
1442400 0.3128433228
1443000 0.3124694824
1443600 0.3120956421
1444200 0.3152313232
1444800 0.3183670044
1445400 0.3215026855
1446000 0.3246383667
1446600 0.3277740479
1447200 0.3309097290
1447800 0.3197263082
1448400 0.3085428874
1449000 0.2973594666
1449600 0.2861760457
1450200 0.2749926249
1450800 0.2638092041
1451400 0.2426719666
1452000 0.2215347290
1452600 0.2003974915
1453200 0.1792602539
1453800 0.1581230164
1454400 0.1369857788
1455000 0.1235453288
1455600 0.1101048787
1456200 0.0966644287
1456800 0.0832239787
1457400 0.0697835286
1458000 0.0563430786
1458600 0.1519037882
1459200 0.2474644979
1459800 0.3430252075
1460400 0.4385859172
1461000 0.5341466268
1461600 0.6297073364
1462200 0.6218299866
1462800 0.6139526367
1463400 0.6060752869
1464000 0.5981979370
1464600 0.5903205872
1465200 0.5824432373
1465800 0.5542310079
1466400 0.5260187785
1467000 0.4978065491
1467600 0.4695943197
1468200 0.4413820903
1468800 0.4131698608
1469400 0.4332962036
1470000 0.4534225464
1470600 0.4735488892
1471200 0.4936752319
1471800 0.5138015747
1472400 0.5339279175
1473000 0.5928026835
1473600 0.6516774495
1474200 0.7105522156
1474800 0.7694269816
1475400 0.8283017476
1476000 0.8871765137
1476600 0.8860549927
1477200 0.8849334717
1477800 0.8838119507
1478400 0.8826904297
1479000 0.8815689087
1479600 0.8804473877
1480200 0.8574829102
1480800 0.8345184326
1481400 0.8115539551
1482000 0.7885894775
1482600 0.7656250000
1483200 0.7426605225
1483800 0.7289479574
1484400 0.7152353923
1485000 0.7015228271
1485600 0.6878102620
1486200 0.6740976969
1486800 0.6603851318
1487400 0.6504694621
1488000 0.6405537923
1488600 0.6306381226
1489200 0.6207224528
1489800 0.6108067830
1490400 0.6008911133
1491000 0.5321871440
1491600 0.4634831746
1492200 0.3947792053
1492800 0.3260752360
1493400 0.2573712667
1494000 0.1886672974
1494600 0.1948280334
1495200 0.2009887695
1495800 0.2071495056
1496400 0.2133102417
1497000 0.2194709778
1497600 0.2256317139
1498200 0.2887636820
1498800 0.3518956502
1499400 0.4150276184
1500000 0.4781595866
1500600 0.5412915548
1501200 0.6044235229
1501800 0.5844472249
1502400 0.5644709269
1503000 0.5444946289
1503600 0.5245183309
1504200 0.5045420329
1504800 0.4845657349
1505400 0.5506184896
1506000 0.6166712443
1506600 0.6827239990
1507200 0.7487767537
1507800 0.8148295085
1508400 0.8808822632
1509000 0.8896268209
1509600 0.8983713786
1510200 0.9071159363
1510800 0.9158604940
1511400 0.9246050517
1512000 0.9333496094
1512600 0.9437650045
1513200 0.9541803996
1513800 0.9645957947
1514400 0.9750111898
1515000 0.9854265849
1515600 0.9958419800
1516200 0.9960352580
1516800 0.9962285360
1517400 0.9964218140
1518000 0.9966150920
1518600 0.9968083700
1519200 0.9970016479
1519800 0.9975013733
1520400 0.9980010986
1521000 0.9985008240
1521600 0.9990005493
1522200 0.9995002747
1522800 1.0000000000
1523400 0.9999224345
1524000 0.9998448690
1524600 0.9997673035
1525200 0.9996897380
1525800 0.9996121724
1526400 0.9995346069
1527000 0.9995346069
1527600 0.9995346069
1528200 0.9995346069
1528800 0.9995346069
1529400 0.9995346069
1530000 0.9995346069
1530600 0.9996121724
1531200 0.9996897380
1531800 0.9997673035
1532400 0.9998448690
1533000 0.9999224345
1533600 1.0000000000
1534200 1.0000000000
1534800 1.0000000000
1535400 1.0000000000
1536000 1.0000000000
1536600 1.0000000000
1537200 1.0000000000
1537800 0.9074732463
1538400 0.8149464925
1539000 0.7224197388
1539600 0.6298929850
1540200 0.5373662313
1540800 0.4448394775
1541400 0.4348818461
1542000 0.4249242147
1542600 0.4149665833
1543200 0.4050089518
1543800 0.3950513204
1544400 0.3850936890
1545000 0.4875780741
1545600 0.5900624593
1546200 0.6925468445
1546800 0.7950312297
1547400 0.8975156148
1548000 1.0000000000
1548600 1.0000000000
1549200 1.0000000000
1549800 1.0000000000
1550400 1.0000000000
1551000 1.0000000000
1551600 1.0000000000
1552200 1.0000000000
1552800 1.0000000000
1553400 1.0000000000
1554000 1.0000000000
1554600 1.0000000000
1555200 1.0000000000
1555800 1.0000000000
1556400 1.0000000000
1557000 1.0000000000
1557600 1.0000000000
1558200 1.0000000000
1558800 1.0000000000
1559400 1.0000000000
1560000 1.0000000000
1560600 1.0000000000
1561200 1.0000000000
1561800 1.0000000000
1562400 1.0000000000
1563000 1.0000000000
1563600 1.0000000000
1564200 1.0000000000
1564800 1.0000000000
1565400 1.0000000000
1566000 1.0000000000
1566600 1.0000000000
1567200 1.0000000000
1567800 1.0000000000
1568400 1.0000000000
1569000 1.0000000000
1569600 1.0000000000
1570200 1.0000000000
1570800 1.0000000000
1571400 1.0000000000
1572000 1.0000000000
1572600 1.0000000000
1573200 1.0000000000
1573800 1.0000000000
1574400 1.0000000000
1575000 1.0000000000
1575600 1.0000000000
1576200 1.0000000000
1576800 1.0000000000
1577400 1.0000000000
1578000 1.0000000000
1578600 1.0000000000
1579200 1.0000000000
1579800 1.0000000000
1580400 1.0000000000
1581000 1.0000000000
1581600 1.0000000000
1582200 1.0000000000
1582800 1.0000000000
1583400 1.0000000000
1584000 1.0000000000
1584600 1.0000000000
1585200 1.0000000000
1585800 1.0000000000
1586400 1.0000000000
1587000 1.0000000000
1587600 1.0000000000
1588200 1.0000000000
1588800 1.0000000000
1589400 1.0000000000
1590000 1.0000000000
1590600 1.0000000000
1591200 1.0000000000
1591800 0.9995129903
1592400 0.9990259806
1593000 0.9985389709
1593600 0.9980519613
1594200 0.9975649516
1594800 0.9970779419
1595400 0.9975649516
1596000 0.9980519613
1596600 0.9985389709
1597200 0.9990259806
1597800 0.9995129903
1598400 1.0000000000
1599000 0.9990908305
1599600 0.9981816610
1600200 0.9972724915
1600800 0.9963633219
1601400 0.9954541524
1602000 0.9945449829
1602600 0.9942512512
1603200 0.9939575195
1603800 0.9936637878
1604400 0.9933700562
1605000 0.9930763245
1605600 0.9927825928
1606200 0.9939854940
1606800 0.9951883952
1607400 0.9963912964
1608000 0.9975941976
1608600 0.9987970988
1609200 1.0000000000
1609800 1.0000000000
1610400 1.0000000000
1611000 1.0000000000
1611600 1.0000000000
1612200 1.0000000000
1612800 1.0000000000
1613400 1.0000000000
1614000 1.0000000000
1614600 1.0000000000
1615200 1.0000000000
1615800 1.0000000000
1616400 1.0000000000
1617000 1.0000000000
1617600 1.0000000000
1618200 1.0000000000
1618800 1.0000000000
1619400 1.0000000000
1620000 1.0000000000
1620600 1.0000000000
1621200 1.0000000000
1621800 1.0000000000
1622400 1.0000000000
1623000 1.0000000000
1623600 1.0000000000
1624200 1.0000000000
1624800 1.0000000000
1625400 1.0000000000
1626000 1.0000000000
1626600 1.0000000000
1627200 1.0000000000
1627800 0.9990870158
1628400 0.9981740316
1629000 0.9972610474
1629600 0.9963480632
1630200 0.9954350789
1630800 0.9945220947
1631400 0.9954350789
1632000 0.9963480632
1632600 0.9972610474
1633200 0.9981740316
1633800 0.9990870158
1634400 1.0000000000
1635000 0.9813664754
1635600 0.9627329508
1636200 0.9440994263
1636800 0.9254659017
1637400 0.9068323771
1638000 0.8881988525
1638600 0.8907216390
1639200 0.8932444255
1639800 0.8957672119
1640400 0.8982899984
1641000 0.9008127848
1641600 0.9033355713
1642200 0.8780237834
1642800 0.8527119954
1643400 0.8274002075
1644000 0.8020884196
1644600 0.7767766317
1645200 0.7514648438
1645800 0.6297976176
1646400 0.5081303914
1647000 0.3864631653
1647600 0.2647959391
1648200 0.1431287130
1648800 0.0214614868
1649400 0.0231399536
1650000 0.0248184204
1650600 0.0264968872
1651200 0.0281753540
1651800 0.0298538208
1652400 0.0315322876
1653000 0.0583470662
1653600 0.0851618449
1654200 0.1119766235
1654800 0.1387914022
1655400 0.1656061808
1656000 0.1924209595
1656600 0.1746063232
1657200 0.1567916870
1657800 0.1389770508
1658400 0.1211624146
1659000 0.1033477783
1659600 0.0855331421
1660200 0.0770263672
1660800 0.0685195923
1661400 0.0600128174
1662000 0.0515060425
1662600 0.0429992676
1663200 0.0344924927
1663800 0.0368855794
1664400 0.0392786662
1665000 0.0416717529
1665600 0.0440648397
1666200 0.0464579264
1666800 0.0488510132
1667400 0.0918998718
1668000 0.1349487305
1668600 0.1779975891
1669200 0.2210464478
1669800 0.2640953064
1670400 0.3071441650
1671000 0.3289337158
1671600 0.3507232666
1672200 0.3725128174
1672800 0.3943023682
1673400 0.4160919189
1674000 0.4378814697
1674600 0.4653968811
1675200 0.4929122925
1675800 0.5204277039
1676400 0.5479431152
1677000 0.5754585266
1677600 0.6029739380
1678200 0.5745188395
1678800 0.5460637410
1679400 0.5176086426
1680000 0.4891535441
1680600 0.4606984456
1681200 0.4322433472
1681800 0.4529228210
1682400 0.4736022949
1683000 0.4942817688
1683600 0.5149612427
1684200 0.5356407166
1684800 0.5563201904
1685400 0.6141929626
1686000 0.6720657349
1686600 0.7299385071
1687200 0.7878112793
1687800 0.8456840515
1688400 0.9035568237
1689000 0.8924471537
1689600 0.8813374837
1690200 0.8702278137
1690800 0.8591181437
1691400 0.8480084737
1692000 0.8368988037
1692600 0.8306706746
1693200 0.8244425456
1693800 0.8182144165
1694400 0.8119862874
1695000 0.8057581584
1695600 0.7995300293
1696200 0.8305460612
1696800 0.8615620931
1697400 0.8925781250
1698000 0.9235941569
1698600 0.9546101888
1699200 0.9856262207
1699800 0.9880218506
1700400 0.9904174805
1701000 0.9928131104
1701600 0.9952087402
1702200 0.9976043701
1702800 1.0000000000
1703400 1.0000000000
1704000 1.0000000000
1704600 1.0000000000
1705200 1.0000000000
1705800 1.0000000000
1706400 1.0000000000
1707000 1.0000000000
1707600 1.0000000000
1708200 1.0000000000
1708800 1.0000000000
1709400 1.0000000000
1710000 1.0000000000
1710600 1.0000000000
1711200 1.0000000000
1711800 1.0000000000
1712400 1.0000000000
1713000 1.0000000000
1713600 1.0000000000
1714200 0.9966913859
1714800 0.9933827718
1715400 0.9900741577
1716000 0.9867655436
1716600 0.9834569295
1717200 0.9801483154
1717800 0.9806798299
1718400 0.9812113444
1719000 0.9817428589
1719600 0.9822743734
1720200 0.9828058879
1720800 0.9833374023
1721400 0.9861145020
1722000 0.9888916016
1722600 0.9916687012
1723200 0.9944458008
1723800 0.9972229004
1724400 1.0000000000
1725000 1.0000000000
1725600 1.0000000000
1726200 1.0000000000
1726800 1.0000000000
1727400 1.0000000000
1728000 1.0000000000
1728600 0.9995905558
1729200 0.9991811117
1729800 0.9987716675
1730400 0.9983622233
1731000 0.9979527791
1731600 0.9975433350
1732200 0.9939486186
1732800 0.9903539022
1733400 0.9867591858
1734000 0.9831644694
1734600 0.9795697530
1735200 0.9759750366
1735800 0.9749183655
1736400 0.9738616943
1737000 0.9728050232
1737600 0.9717483521
1738200 0.9706916809
1738800 0.9696350098
1739400 0.9605636597
1740000 0.9514923096
1740600 0.9424209595
1741200 0.9333496094
1741800 0.9242782593
1742400 0.9152069092
1743000 0.9227676392
1743600 0.9303283691
1744200 0.9378890991
1744800 0.9454498291
1745400 0.9530105591
1746000 0.9605712891
1746600 0.9646224976
1747200 0.9686737061
1747800 0.9727249146
1748400 0.9767761230
1749000 0.9808273315
1749600 0.9848785400
1750200 0.9774665833
1750800 0.9700546265
1751400 0.9626426697
1752000 0.9552307129
1752600 0.9478187561
1753200 0.9404067993
1753800 0.9457270304
1754400 0.9510472616
1755000 0.9563674927
1755600 0.9616877238
1756200 0.9670079549
1756800 0.9723281860
1757400 0.9461352030
1758000 0.9199422201
1758600 0.8937492371
1759200 0.8675562541
1759800 0.8413632711
1760400 0.8151702881
1761000 0.8445167542
1761600 0.8738632202
1762200 0.9032096863
1762800 0.9325561523
1763400 0.9619026184
1764000 0.9912490845
1764600 0.9911155701
1765200 0.9909820557
1765800 0.9908485413
1766400 0.9907150269
1767000 0.9905815125
1767600 0.9904479980
1768200 0.9710273743
1768800 0.9516067505
1769400 0.9321861267
1770000 0.9127655029
1770600 0.8933448792
1771200 0.8739242554
1771800 0.8660481771
1772400 0.8581720988
1773000 0.8502960205
1773600 0.8424199422
1774200 0.8345438639
1774800 0.8266677856
1775400 0.7559611003
1776000 0.6852544149
1776600 0.6145477295
1777200 0.5438410441
1777800 0.4731343587
1778400 0.4024276733
1779000 0.4014752706
1779600 0.4005228678
1780200 0.3995704651
1780800 0.3986180623
1781400 0.3976656596
1782000 0.3967132568
1782600 0.3933054606
1783200 0.3898976644
1783800 0.3864898682
1784400 0.3830820719
1785000 0.3796742757
1785600 0.3762664795
1786200 0.3400115967
1786800 0.3037567139
1787400 0.2675018311
1788000 0.2312469482
1788600 0.1949920654
1789200 0.1587371826
1789800 0.1838391622
1790400 0.2089411418
1791000 0.2340431213
1791600 0.2591451009
1792200 0.2842470805
1792800 0.3093490601
1793400 0.3077316284
1794000 0.3061141968
1794600 0.3044967651
1795200 0.3028793335
1795800 0.3012619019
1796400 0.2996444702
1797000 0.2766710917
1797600 0.2536977132
1798200 0.2307243347
1798800 0.2077509562
1799400 0.1847775777
1800000 0.1618041992
1800600 0.1384976705
1801200 0.1151911418
1801800 0.0918846130
1802400 0.0685780843
1803000 0.0452715556
1803600 0.0219650269
1804200 0.0267690023
1804800 0.0315729777
1805400 0.0363769531
1806000 0.0411809285
1806600 0.0459849040
1807200 0.0507888794
1807800 0.0549736023
1808400 0.0591583252
1809000 0.0633430481
1809600 0.0675277710
1810200 0.0717124939
1810800 0.0758972168
1811400 0.0751164754
1812000 0.0743357340
1812600 0.0735549927
1813200 0.0727742513
1813800 0.0719935099
1814400 0.0712127686
1815000 0.0749918620
1815600 0.0787709554
1816200 0.0825500488
1816800 0.0863291423
1817400 0.0901082357
1818000 0.0938873291
1818600 0.1017964681
1819200 0.1097056071
1819800 0.1176147461
1820400 0.1255238851
1821000 0.1334330241
1821600 0.1413421631
1822200 0.1379597982
1822800 0.1345774333
1823400 0.1311950684
1824000 0.1278127035
1824600 0.1244303385
1825200 0.1210479736
1825800 0.1325263977
1826400 0.1440048218
1827000 0.1554832458
1827600 0.1669616699
1828200 0.1784400940
1828800 0.1899185181
1829400 0.1898244222
1830000 0.1897303263
1830600 0.1896362305
1831200 0.1895421346
1831800 0.1894480387
1832400 0.1893539429
1833000 0.1886927287
1833600 0.1880315145
1834200 0.1873703003
1834800 0.1867090861
1835400 0.1860478719
1836000 0.1853866577
1836600 0.1627985636
1837200 0.1402104696
1837800 0.1176223755
1838400 0.0950342814
1839000 0.0724461873
1839600 0.0498580933
1840200 0.1068776449
1840800 0.1638971965
1841400 0.2209167480
1842000 0.2779362996
1842600 0.3349558512
1843200 0.3919754028
1843800 0.4216473897
1844400 0.4513193766
1845000 0.4809913635
1845600 0.5106633504
1846200 0.5403353373
1846800 0.5700073242
1847400 0.5893770854
1848000 0.6087468465
1848600 0.6281166077
1849200 0.6474863688
1849800 0.6668561300
1850400 0.6862258911
1851000 0.7176005046
1851600 0.7489751180
1852200 0.7803497314
1852800 0.8117243449
1853400 0.8430989583
1854000 0.8744735718
1854600 0.8932406108
1855200 0.9120076497
1855800 0.9307746887
1856400 0.9495417277
1857000 0.9683087667
1857600 0.9870758057
1858200 0.9871495565
1858800 0.9872233073
1859400 0.9872970581
1860000 0.9873708089
1860600 0.9874445597
1861200 0.9875183105
1861800 0.9750429789
1862400 0.9625676473
1863000 0.9500923157
1863600 0.9376169840
1864200 0.9251416524
1864800 0.9126663208
1865400 0.9114151001
1866000 0.9101638794
1866600 0.9089126587
1867200 0.9076614380
1867800 0.9064102173
1868400 0.9051589966
1869000 0.8677520752
1869600 0.8303451538
1870200 0.7929382324
1870800 0.7555313110
1871400 0.7181243896
1872000 0.6807174683
1872600 0.6576004028
1873200 0.6344833374
1873800 0.6113662720
1874400 0.5882492065
1875000 0.5651321411
1875600 0.5420150757
1876200 0.5211308797
1876800 0.5002466838
1877400 0.4793624878
1878000 0.4584782918
1878600 0.4375940959
1879200 0.4167098999
1879800 0.4677569071
1880400 0.5188039144
1881000 0.5698509216
1881600 0.6208979289
1882200 0.6719449361
1882800 0.7229919434
1883400 0.7683423360
1884000 0.8136927287
1884600 0.8590431213
1885200 0.9043935140
1885800 0.9497439067
1886400 0.9950942993
1887000 0.9837379456
1887600 0.9723815918
1888200 0.9610252380
1888800 0.9496688843
1889400 0.9383125305
1890000 0.9269561768
1890600 0.9183718363
1891200 0.9097874959
1891800 0.9012031555
1892400 0.8926188151
1893000 0.8840344747
1893600 0.8754501343
1894200 0.8857192993
1894800 0.8959884644
1895400 0.9062576294
1896000 0.9165267944
1896600 0.9267959595
1897200 0.9370651245
1897800 0.9363149007
1898400 0.9355646769
1899000 0.9348144531
1899600 0.9340642293
1900200 0.9333140055
1900800 0.9325637817
