# time relative humidity
0 0.9171317178323783
3600 0.9335460936350769
7200 0.9421347571645494
10800 0.9513090052123253
14400 0.9562960614857295
18000 0.9424696127463462
21600 0.9003486160400108
25200 0.8238323128006948
28800 0.7313818557266649
32400 0.6532325517842411
36000 0.6132503230133192
39600 0.5952510047348182
43200 0.565013852659003
46800 0.5275306318843164
50400 0.5109677985603098
54000 0.5109102043377137
57600 0.553391539217986
61200 0.6221708981539693
64800 0.6972448533501178
68400 0.814232785096109
72000 0.8436770313846723
75600 0.8696789297801014
79200 0.8837002968255567
82800 0.9078857749860872
86400 0.9210285132321079
90000 0.9353353183404095
93600 0.9383025594141178
97200 0.9453807971555982
100800 0.9557081781045625
104400 0.9470983660324901
108000 0.8821513583534437
111600 0.8278516377956885
115200 0.7912156256351984
118800 0.7672186279977863
122400 0.7636371231202889
126000 0.7589706266125604
129600 0.7583904637348021
133200 0.7573822821606878
136800 0.7535387046855643
140400 0.7527549071363596
144000 0.7476014804898468
147600 0.7653948816724094
151200 0.816886660320635
154800 0.871582894019359
158400 0.8953417123132171
162000 0.9200810469173688
165600 0.9294277977105374
169200 0.9363871585775319
172800 0.9384341083133934
176400 0.9409689324819827
180000 0.941670064894578
183600 0.9357962701414076
187200 0.9464633452060991
190800 0.9426748241101812
194400 0.8741237772433191
198000 0.8555927933790856
201600 0.7361213815176165
205200 0.6685249270220234
208800 0.5990677026842172
212400 0.5534020122070888
216000 0.5194237848844906
219600 0.501927585826002
223200 0.4960234299120093
226800 0.4951615585793625
230400 0.5105839662789353
234000 0.542985730440079
237600 0.588420089409431
241200 0.6510376253250348
244800 0.6985048456056469
248400 0.7422350392974774
252000 0.7622092164312649
255600 0.7857169185103051
259200 0.8185121171011089
262800 0.8538731549377787
266400 0.8700535809844667
270000 0.893541751279997
273600 0.9028135447008884
277200 0.9036254005966473
280800 0.8872015464024732
284400 0.866184057203843
288000 0.8441926632353919
291600 0.835352963245367
295200 0.8230683906457917
298800 0.792573686602691
302400 0.7785465301678377
306000 0.8107479878760283
309600 0.797652715496773
313200 0.7989251037170068
316800 0.7467351835171536
320400 0.729915850957483
324000 0.7401881269116765
327600 0.7852167017025595
331200 0.774306025130978
334800 0.7579116198361812
338400 0.750575760547625
342000 0.7643964751065756
345600 0.7871696192261184
349200 0.8200818520222727
352800 0.84146660127987
356400 0.8504527928871409
360000 0.8478170669859411
363600 0.8339246176406173
367200 0.7926399226635518
370800 0.7690405421157697
374400 0.7186405576903491
378000 0.6693126951153034
381600 0.5855450750531904
385200 0.5243532462961664
388800 0.4732611390592713
392400 0.4504954756097239
396000 0.44213046808541884
399600 0.43792838835023856
403200 0.4479375369388821
406800 0.46596240408977196
410400 0.5169873090782692
414000 0.52963889187794
417600 0.577188240198527
421200 0.6239835485084889
424800 0.6758385295567634
428400 0.7323076762663009
432000 0.7728645083066411
