# relative humidity 2m [%/100]
0 0.6827199848
600 0.6905359869
1200 0.6983519890
1800 0.7061679911
2400 0.7139839932
3000 0.7217999954
3600 0.7296159975
4200 0.7353361033
4800 0.7410562091
5400 0.7467763149
6000 0.7524964207
6600 0.7582165265
7200 0.7639366323
7800 0.7672922346
8400 0.7706478369
9000 0.7740034393
9600 0.7773590416
10200 0.7807146439
10800 0.7840702463
11400 0.7871858641
12000 0.7903014819
12600 0.7934170996
13200 0.7965327174
13800 0.7996483352
14400 0.8027639530
15000 0.8024626387
15600 0.8021613245
16200 0.8018600102
16800 0.8015586959
17400 0.8012573816
18000 0.8009560674
18600 0.7838521039
19200 0.7667481405
19800 0.7496441771
20400 0.7325402137
21000 0.7154362503
21600 0.6983322869
22200 0.6831948309
22800 0.6680573750
23400 0.6529199191
24000 0.6377824631
24600 0.6226450072
25200 0.6075075513
25800 0.5972316268
26400 0.5869557024
27000 0.5766797780
27600 0.5664038535
28200 0.5561279291
28800 0.5458520047
29400 0.5368861702
30000 0.5279203358
30600 0.5189545014
31200 0.5099886669
31800 0.5010228325
32400 0.4920569980
33000 0.4845676420
33600 0.4770782860
34200 0.4695889299
34800 0.4620995739
35400 0.4546102178
36000 0.4471208618
36600 0.4411920768
37200 0.4352632918
37800 0.4293345068
38400 0.4234057218
39000 0.4174769368
39600 0.4115481518
40200 0.4074594419
40800 0.4033707320
41400 0.3992820221
42000 0.3951933122
42600 0.3911046023
43200 0.3870158924
43800 0.3840346359
44400 0.3810533795
45000 0.3780721231
45600 0.3750908667
46200 0.3721096102
46800 0.3691283538
47400 0.3693677733
48000 0.3696071929
48600 0.3698466124
49200 0.3700860319
49800 0.3703254515
50400 0.3705648710
51000 0.3734602050
51600 0.3763555390
52200 0.3792508730
52800 0.3821462070
53400 0.3850415409
54000 0.3879368749
54600 0.3887834777
55200 0.3896300804
55800 0.3904766831
56400 0.3913232858
57000 0.3921698885
57600 0.3930164912
58200 0.3988748349
58800 0.4047331785
59400 0.4105915221
60000 0.4164498658
60600 0.4223082094
61200 0.4281665531
61800 0.4414783699
62400 0.4547901868
63000 0.4681020036
63600 0.4814138205
64200 0.4947256373
64800 0.5080374542
65400 0.5135888345
66000 0.5191402148
66600 0.5246915951
67200 0.5302429755
67800 0.5357943558
68400 0.5413457361
69000 0.5428576071
69600 0.5443694780
70200 0.5458813489
70800 0.5473932198
71400 0.5489050908
72000 0.5504169617
72600 0.5499824021
73200 0.5495478426
73800 0.5491132831
74400 0.5486787235
75000 0.5482441640
75600 0.5478096045
76200 0.5514322662
76800 0.5550549279
77400 0.5586775896
78000 0.5623002513
78600 0.5659229130
79200 0.5695455748
79800 0.5777986501
80400 0.5860517255
81000 0.5943048009
81600 0.6025578763
82200 0.6108109516
82800 0.6190640270
83400 0.6227178557
84000 0.6263716843
84600 0.6300255129
85200 0.6336793416
85800 0.6373331702
86400 0.6409869989
87000 0.6523919178
87600 0.6637968368
88200 0.6752017557
88800 0.6866066747
89400 0.6980115936
90000 0.7094165126
90600 0.7267769821
91200 0.7441374517
91800 0.7614979213
92400 0.7788583909
93000 0.7962188605
93600 0.8135793300
94200 0.8276233709
94800 0.8416674117
95400 0.8557114525
96000 0.8697554933
96600 0.8837995342
97200 0.8978435750
97800 0.9036637109
98400 0.9094838468
99000 0.9153039827
99600 0.9211241186
100200 0.9269442545
100800 0.9327643904
101400 0.9331867998
102000 0.9336092092
102600 0.9340316187
103200 0.9344540281
103800 0.9348764375
104400 0.9352988470
105000 0.9308811973
105600 0.9264635476
106200 0.9220458978
106800 0.9176282481
107400 0.9132105984
108000 0.9087929487
108600 0.9030254129
109200 0.8972578770
109800 0.8914903412
110400 0.8857228054
111000 0.8799552695
111600 0.8741877337
112200 0.8736235683
112800 0.8730594028
113400 0.8724952374
114000 0.8719310719
114600 0.8713669065
115200 0.8708027410
115800 0.8702273559
116400 0.8696519708
117000 0.8690765857
117600 0.8685012006
118200 0.8679258155
118800 0.8673504304
119400 0.8691963852
120000 0.8710423400
120600 0.8728882948
121200 0.8747342496
121800 0.8765802044
122400 0.8784261592
123000 0.8594060730
123600 0.8403859867
124200 0.8213659005
124800 0.8023458142
125400 0.7833257280
126000 0.7643056417
126600 0.7465740506
127200 0.7288424594
127800 0.7111108683
128400 0.6933792771
129000 0.6756476860
129600 0.6579160948
130200 0.6516981696
130800 0.6454802444
131400 0.6392623191
132000 0.6330443939
132600 0.6268264687
133200 0.6206085435
133800 0.6213709238
134400 0.6221333042
135000 0.6228956846
135600 0.6236580650
136200 0.6244204454
136800 0.6251828258
137400 0.6300537462
138000 0.6349246666
138600 0.6397955870
139200 0.6446665074
139800 0.6495374279
140400 0.6544083483
141000 0.6570111826
141600 0.6596140169
142200 0.6622168513
142800 0.6648196856
143400 0.6674225199
144000 0.6700253543
144600 0.6746128357
145200 0.6792003172
145800 0.6837877987
146400 0.6883752801
147000 0.6929627616
147600 0.6975502430
148200 0.7051306152
148800 0.7127109873
149400 0.7202913594
150000 0.7278717316
150600 0.7354521037
151200 0.7430324758
151800 0.7484788208
152400 0.7539251659
153000 0.7593715109
153600 0.7648178559
154200 0.7702642010
154800 0.7757105460
155400 0.7803495682
156000 0.7849885905
156600 0.7896276128
157200 0.7942666350
157800 0.7989056573
158400 0.8035446795
159000 0.8058798294
159600 0.8082149792
160200 0.8105501290
160800 0.8128852788
161400 0.8152204287
162000 0.8175555785
162600 0.8178664573
163200 0.8181773361
163800 0.8184882148
164400 0.8187990936
165000 0.8191099724
165600 0.8194208512
166200 0.8204680628
166800 0.8215152745
167400 0.8225624862
168000 0.8236096979
168600 0.8246569096
169200 0.8257041212
169800 0.8289867256
170400 0.8322693300
171000 0.8355519344
171600 0.8388345388
172200 0.8421171432
172800 0.8453997477
173400 0.8433060637
174000 0.8412123798
174600 0.8391186959
175200 0.8370250119
175800 0.8349313280
176400 0.8328376440
177000 0.8296524888
177600 0.8264673335
178200 0.8232821782
178800 0.8200970229
179400 0.8169118676
180000 0.8137267123
180600 0.8153857129
181200 0.8170447136
181800 0.8187037142
182400 0.8203627149
183000 0.8220217155
183600 0.8236807162
184200 0.8266648793
184800 0.8296490423
185400 0.8326332054
186000 0.8356173685
186600 0.8386015315
187200 0.8415856946
187800 0.8413192611
188400 0.8410528276
189000 0.8407863942
189600 0.8405199607
190200 0.8402535272
190800 0.8399870937
191400 0.8374185352
192000 0.8348499767
192600 0.8322814182
193200 0.8297128597
193800 0.8271443012
194400 0.8245757427
195000 0.8160691367
195600 0.8075625307
196200 0.7990559247
196800 0.7905493187
197400 0.7820427127
198000 0.7735361067
198600 0.7655210446
199200 0.7575059824
199800 0.7494909203
200400 0.7414758581
201000 0.7334607960
201600 0.7254457338
202200 0.7212863766
202800 0.7171270193
203400 0.7129676621
204000 0.7088083048
204600 0.7046489476
205200 0.7004895903
205800 0.7056693789
206400 0.7108491675
207000 0.7160289561
207600 0.7212087447
208200 0.7263885333
208800 0.7315683219
209400 0.7198196878
210000 0.7080710536
210600 0.6963224195
211200 0.6845737854
211800 0.6728251512
212400 0.6610765171
213000 0.6493746288
213600 0.6376727406
214200 0.6259708523
214800 0.6142689641
215400 0.6025670758
216000 0.5908651875
216600 0.5791092280
217200 0.5673532684
217800 0.5555973089
218400 0.5438413493
219000 0.5320853897
219600 0.5203294302
220200 0.5173189748
220800 0.5143085194
221400 0.5112980641
222000 0.5082876087
222600 0.5052771534
223200 0.5022666980
223800 0.5010476249
224400 0.4998285517
225000 0.4986094786
225600 0.4973904055
226200 0.4961713323
226800 0.4949522592
227400 0.4980538457
228000 0.5011554321
228600 0.5042570186
229200 0.5073586050
229800 0.5104601915
230400 0.5135617779
231000 0.5229458313
231600 0.5323298846
232200 0.5417139379
232800 0.5510979912
233400 0.5604820445
234000 0.5698660978
234600 0.5855980340
235200 0.6013299703
235800 0.6170619065
236400 0.6327938428
237000 0.6485257790
237600 0.6642577153
238200 0.6722600718
238800 0.6802624282
239400 0.6882647847
240000 0.6962671412
240600 0.7042694976
241200 0.7122718541
241800 0.7187601632
242400 0.7252484722
243000 0.7317367813
243600 0.7382250903
244200 0.7447133994
244800 0.7512017085
245400 0.7537302096
246000 0.7562587107
246600 0.7587872118
247200 0.7613157129
247800 0.7638442140
248400 0.7663727151
249000 0.7668571904
249600 0.7673416656
250200 0.7678261409
250800 0.7683106161
251400 0.7687950914
252000 0.7692795667
252600 0.7708163160
253200 0.7723530654
253800 0.7738898148
254400 0.7754265641
255000 0.7769633135
255600 0.7785000629
256200 0.7815039388
256800 0.7845078148
257400 0.7875116908
258000 0.7905155667
258600 0.7935194427
259200 0.7965233187
259800 0.7965175894
260400 0.7965118602
261000 0.7965061310
261600 0.7965004018
262200 0.7964946726
262800 0.7964889433
263400 0.7952482881
264000 0.7940076328
264600 0.7927669776
265200 0.7915263223
265800 0.7902856670
266400 0.7890450118
267000 0.7878430497
267600 0.7866410877
268200 0.7854391257
268800 0.7842371636
269400 0.7830352016
270000 0.7818332395
270600 0.7802102321
271200 0.7785872247
271800 0.7769642173
272400 0.7753412099
273000 0.7737182025
273600 0.7720951951
274200 0.7709701275
274800 0.7698450598
275400 0.7687199921
276000 0.7675949244
276600 0.7664698568
277200 0.7653447891
277800 0.7618444199
278400 0.7583440507
279000 0.7548436815
279600 0.7513433123
280200 0.7478429431
280800 0.7443425739
281400 0.7399044697
282000 0.7354663656
282600 0.7310282614
283200 0.7265901573
283800 0.7221520531
284400 0.7177139490
285000 0.7103215762
285600 0.7029292034
286200 0.6955368306
286800 0.6881444578
287400 0.6807520850
288000 0.6733597122
288600 0.6667078897
289200 0.6600560672
289800 0.6534042447
290400 0.6467524221
291000 0.6401005996
291600 0.6334487771
292200 0.6274610588
292800 0.6214733405
293400 0.6154856222
294000 0.6094979039
294600 0.6035101855
295200 0.5975224672
295800 0.5983126155
296400 0.5991027638
297000 0.5998929120
297600 0.6006830603
298200 0.6014732086
298800 0.6022633568
299400 0.6070541016
300000 0.6118448463
300600 0.6166355911
301200 0.6214263358
301800 0.6262170806
302400 0.6310078253
303000 0.6361573048
303600 0.6413067843
304200 0.6464562638
304800 0.6516057434
305400 0.6567552229
306000 0.6619047024
306600 0.6671033712
307200 0.6723020401
307800 0.6775007090
308400 0.6826993778
309000 0.6878980467
309600 0.6930967156
310200 0.6985223578
310800 0.7039480001
311400 0.7093736423
312000 0.7147992846
312600 0.7202249268
313200 0.7256505691
313800 0.7320242976
314400 0.7383980261
315000 0.7447717546
315600 0.7511454831
316200 0.7575192116
316800 0.7638929401
317400 0.7707225222
318000 0.7775521042
318600 0.7843816863
319200 0.7912112684
319800 0.7980408505
320400 0.8048704326
321000 0.8097237145
321600 0.8145769963
322200 0.8194302782
322800 0.8242835601
323400 0.8291368420
324000 0.8339901239
324600 0.8381543901
325200 0.8423186564
325800 0.8464829227
326400 0.8506471889
327000 0.8548114552
327600 0.8589757215
328200 0.8597467231
328800 0.8605177248
329400 0.8612887265
330000 0.8620597281
330600 0.8628307298
331200 0.8636017315
331800 0.8633551263
332400 0.8631085211
333000 0.8628619159
333600 0.8626153106
334200 0.8623687054
334800 0.8621221002
335400 0.8673658584
336000 0.8726096166
336600 0.8778533748
337200 0.8830971330
337800 0.8883408912
338400 0.8935846494
339000 0.8936178061
339600 0.8936509628
340200 0.8936841196
340800 0.8937172763
341400 0.8937504330
342000 0.8937835897
342600 0.8955537016
343200 0.8973238135
343800 0.8990939255
344400 0.9008640374
345000 0.9026341493
345600 0.9044042612
346200 0.9057408454
346800 0.9070774295
347400 0.9084140137
348000 0.9097505978
348600 0.9110871820
349200 0.9124237661
349800 0.9123898641
350400 0.9123559620
351000 0.9123220600
351600 0.9122881580
352200 0.9122542559
352800 0.9122203539
353400 0.9112078437
354000 0.9101953335
354600 0.9091828233
355200 0.9081703131
355800 0.9071578028
356400 0.9061452926
357000 0.9040131060
357600 0.9018809194
358200 0.8997487328
358800 0.8976165461
359400 0.8954843595
360000 0.8933521729
360600 0.8920582203
361200 0.8907642677
361800 0.8894703151
362400 0.8881763625
363000 0.8868824099
363600 0.8855884573
364200 0.8847390777
364800 0.8838896981
365400 0.8830403185
366000 0.8821909389
366600 0.8813415593
367200 0.8804921797
367800 0.8749825276
368400 0.8694728755
369000 0.8639632234
369600 0.8584535713
370200 0.8529439192
370800 0.8474342672
371400 0.8340344142
372000 0.8206345613
372600 0.8072347084
373200 0.7938348555
373800 0.7804350026
374400 0.7670351497
375000 0.7632437820
375600 0.7594524143
376200 0.7556610466
376800 0.7518696789
377400 0.7480783112
378000 0.7442869435
378600 0.7281354343
379200 0.7119839250
379800 0.6958324158
380400 0.6796809066
381000 0.6635293974
381600 0.6473778881
382200 0.6426965805
382800 0.6380152728
383400 0.6333339651
384000 0.6286526575
384600 0.6239713498
385200 0.6192900421
385800 0.6146678419
386400 0.6100456417
387000 0.6054234415
387600 0.6008012413
388200 0.5961790411
388800 0.5915568409
389400 0.5886283801
390000 0.5856999193
390600 0.5827714585
391200 0.5798429977
391800 0.5769145369
392400 0.5739860760
393000 0.5746711770
393600 0.5753562779
394200 0.5760413788
394800 0.5767264797
395400 0.5774115806
396000 0.5780966815
396600 0.5795381155
397200 0.5809795494
397800 0.5824209834
398400 0.5838624174
399000 0.5853038514
399600 0.5867452853
400200 0.5944480662
400800 0.6021508471
401400 0.6098536280
402000 0.6175564089
402600 0.6252591898
403200 0.6329619707
403800 0.6408334545
404400 0.6487049382
405000 0.6565764219
405600 0.6644479056
406200 0.6723193894
406800 0.6801908731
407400 0.6929787606
408000 0.7057666481
408600 0.7185545356
409200 0.7313424231
409800 0.7441303106
410400 0.7569181982
411000 0.7604821319
411600 0.7640460656
412200 0.7676099994
412800 0.7711739331
413400 0.7747378669
414000 0.7783018006
414600 0.7854656929
415200 0.7926295852
415800 0.7997934776
416400 0.8069573699
417000 0.8141212622
417600 0.8212851545
418200 0.8294317767
418800 0.8375783988
419400 0.8457250210
420000 0.8538716431
420600 0.8620182652
421200 0.8701648874
421800 0.8791463996
422400 0.8881279119
423000 0.8971094241
423600 0.9060909363
424200 0.9150724486
424800 0.9240539608
425400 0.9284619703
426000 0.9328699799
426600 0.9372779894
427200 0.9416859990
427800 0.9460940085
428400 0.9505020180
429000 0.9534142885
429600 0.9563265589
430200 0.9592388293
430800 0.9621510997
431400 0.9650633702
432000 0.9679756406
432600 0.9695129349
433200 0.9710502292
433800 0.9725875235
434400 0.9741248178
435000 0.9756621121
435600 0.9771994064
436200 0.9746940648
436800 0.9721887231
437400 0.9696833815
438000 0.9671780398
438600 0.9646726981
439200 0.9621673565
439800 0.9577552302
440400 0.9533431040
441000 0.9489309777
441600 0.9445188515
442200 0.9401067253
442800 0.9356945990
443400 0.9296609179
444000 0.9236272368
444600 0.9175935556
445200 0.9115598745
445800 0.9055261934
446400 0.8994925122
447000 0.8969932938
447600 0.8944940753
448200 0.8919948568
448800 0.8894956384
449400 0.8869964199
450000 0.8844972014
450600 0.8841624063
451200 0.8838276112
451800 0.8834928161
452400 0.8831580210
453000 0.8828232259
453600 0.8824884308
454200 0.8808603134
454800 0.8792321960
455400 0.8776040786
456000 0.8759759612
456600 0.8743478437
457200 0.8727197263
457800 0.8704156852
458400 0.8681116442
459000 0.8658076031
459600 0.8635035620
460200 0.8611995209
460800 0.8588954799
461400 0.8619099765
462000 0.8649244731
462600 0.8679389697
463200 0.8709534664
463800 0.8739679630
464400 0.8769824596
465000 0.8733593344
465600 0.8697362092
466200 0.8661130839
466800 0.8624899587
467400 0.8588668335
468000 0.8552437082
468600 0.8568977800
469200 0.8585518518
469800 0.8602059235
470400 0.8618599953
471000 0.8635140670
471600 0.8651681388
472200 0.8625894320
472800 0.8600107251
473400 0.8574320183
474000 0.8548533115
474600 0.8522746046
475200 0.8496958978
475800 0.8491862593
476400 0.8486766208
477000 0.8481669823
477600 0.8476573438
478200 0.8471477053
478800 0.8466380668
479400 0.8496942305
480000 0.8527503943
480600 0.8558065580
481200 0.8588627218
481800 0.8619188855
482400 0.8649750493
483000 0.8660140122
483600 0.8670529751
484200 0.8680919380
484800 0.8691309009
485400 0.8701698638
486000 0.8712088267
486600 0.8717488485
487200 0.8722888702
487800 0.8728288920
488400 0.8733689137
489000 0.8739089355
489600 0.8744489572
490200 0.8761589479
490800 0.8778689386
491400 0.8795789293
492000 0.8812889199
492600 0.8829989106
493200 0.8847089013
493800 0.8851411664
494400 0.8855734314
495000 0.8860056965
495600 0.8864379616
496200 0.8868702266
496800 0.8873024917
497400 0.8877404644
498000 0.8881784370
498600 0.8886164097
499200 0.8890543824
499800 0.8894923550
500400 0.8899303277
501000 0.8900860818
501600 0.8902418360
502200 0.8903975901
502800 0.8905533442
503400 0.8907090983
504000 0.8908648524
504600 0.8909925690
505200 0.8911202856
505800 0.8912480022
506400 0.8913757188
507000 0.8915034354
507600 0.8916311520
508200 0.8923317369
508800 0.8930323219
509400 0.8937329068
510000 0.8944334917
510600 0.8951340766
511200 0.8958346616
511800 0.8975732361
512400 0.8993118106
513000 0.9010503851
513600 0.9027889596
514200 0.9045275341
514800 0.9062661086
515400 0.9060111734
516000 0.9057562382
516600 0.9055013031
517200 0.9052463679
517800 0.9049914328
518400 0.9047364976
519000 0.9036017547
519600 0.9024670119
520200 0.9013322690
520800 0.9001975262
521400 0.8990627833
522000 0.8979280404
522600 0.8960303094
523200 0.8941325784
523800 0.8922348473
524400 0.8903371163
525000 0.8884393853
525600 0.8865416542
526200 0.8863783061
526800 0.8862149580
527400 0.8860516099
528000 0.8858882618
528600 0.8857249137
529200 0.8855615656
529800 0.8845488508
530400 0.8835361360
531000 0.8825234212
531600 0.8815107064
532200 0.8804979915
532800 0.8794852767
533400 0.8793995953
534000 0.8793139139
534600 0.8792282325
535200 0.8791425511
535800 0.8790568697
536400 0.8789711883
537000 0.8786142826
537600 0.8782573769
538200 0.8779004712
538800 0.8775435656
539400 0.8771866599
540000 0.8768297542
540600 0.8768722702
541200 0.8769147862
541800 0.8769573023
542400 0.8769998183
543000 0.8770423343
543600 0.8770848503
544200 0.8766077502
544800 0.8761306502
545400 0.8756535501
546000 0.8751764500
546600 0.8746993499
547200 0.8742222498
547800 0.8728027691
548400 0.8713832884
549000 0.8699638077
549600 0.8685443270
550200 0.8671248463
550800 0.8657053656
551400 0.8681578436
552000 0.8706103215
552600 0.8730627994
553200 0.8755152773
553800 0.8779677552
554400 0.8804202331
555000 0.8756638551
555600 0.8709074770
556200 0.8661510990
556800 0.8613947210
557400 0.8566383430
558000 0.8518819649
558600 0.8489709158
559200 0.8460598667
559800 0.8431488176
560400 0.8402377685
561000 0.8373267194
561600 0.8344156703
562200 0.8277922655
562800 0.8211688608
563400 0.8145454560
564000 0.8079220513
564600 0.8012986465
565200 0.7946752418
565800 0.7850319093
566400 0.7753885768
567000 0.7657452443
567600 0.7561019118
568200 0.7464585793
568800 0.7368152468
569400 0.7261279764
570000 0.7154407060
570600 0.7047534357
571200 0.6940661653
571800 0.6833788949
572400 0.6726916245
573000 0.6662166099
573600 0.6597415952
574200 0.6532665806
574800 0.6467915659
575400 0.6403165513
576000 0.6338415366
576600 0.6326215745
577200 0.6314016124
577800 0.6301816503
578400 0.6289616882
579000 0.6277417261
579600 0.6265217640
580200 0.6273819172
580800 0.6282420703
581400 0.6291022235
582000 0.6299623766
582600 0.6308225298
583200 0.6316826829
583800 0.6329535302
584400 0.6342243774
585000 0.6354952247
585600 0.6367660719
586200 0.6380369192
586800 0.6393077664
587400 0.6406001204
588000 0.6418924744
588600 0.6431848285
589200 0.6444771825
589800 0.6457695365
590400 0.6470618905
591000 0.6503683525
591600 0.6536748145
592200 0.6569812764
592800 0.6602877384
593400 0.6635942004
594000 0.6669006624
594600 0.6688697158
595200 0.6708387692
595800 0.6728078227
596400 0.6747768761
597000 0.6767459295
597600 0.6787149829
598200 0.6825173063
598800 0.6863196297
599400 0.6901219530
600000 0.6939242764
600600 0.6977265998
601200 0.7015289232
601800 0.7054801979
602400 0.7094314726
603000 0.7133827473
603600 0.7173340221
604200 0.7212852968
604800 0.7252365715
605400 0.7271559130
606000 0.7290752545
606600 0.7309945960
607200 0.7329139375
607800 0.7348332790
608400 0.7367526205
609000 0.7383052652
609600 0.7398579099
610200 0.7414105546
610800 0.7429631994
611400 0.7445158441
612000 0.7460684888
612600 0.7465164548
613200 0.7469644208
613800 0.7474123868
614400 0.7478603528
615000 0.7483083188
615600 0.7487562848
616200 0.7487440752
616800 0.7487318656
617400 0.7487196560
618000 0.7487074464
618600 0.7486952368
619200 0.7486830272
619800 0.7495491793
620400 0.7504153313
621000 0.7512814833
621600 0.7521476353
622200 0.7530137873
622800 0.7538799394
623400 0.7549941403
624000 0.7561083413
624600 0.7572225422
625200 0.7583367432
625800 0.7594509442
626400 0.7605651451
627000 0.7623838183
627600 0.7642024914
628200 0.7660211646
628800 0.7678398377
629400 0.7696585109
630000 0.7714771840
630600 0.7713609592
631200 0.7712447344
631800 0.7711285096
632400 0.7710122848
633000 0.7708960600
633600 0.7707798352
634200 0.7736299109
634800 0.7764799867
635400 0.7793300625
636000 0.7821801382
636600 0.7850302140
637200 0.7878802898
637800 0.7902921317
638400 0.7927039736
639000 0.7951158155
639600 0.7975276574
640200 0.7999394993
640800 0.8023513412
641400 0.8069134417
642000 0.8114755422
642600 0.8160376428
643200 0.8205997433
643800 0.8251618438
644400 0.8297239443
645000 0.8322866084
645600 0.8348492726
646200 0.8374119367
646800 0.8399746008
647400 0.8425372649
648000 0.8450999291
648600 0.8477782827
649200 0.8504566364
649800 0.8531349900
650400 0.8558133437
651000 0.8584916973
651600 0.8611700510
652200 0.8619354951
652800 0.8627009392
653400 0.8634663832
654000 0.8642318273
654600 0.8649972714
655200 0.8657627155
655800 0.8654078668
656400 0.8650530182
657000 0.8646981695
657600 0.8643433209
658200 0.8639884722
658800 0.8636336236
659400 0.8651081493
660000 0.8665826749
660600 0.8680572006
661200 0.8695317263
661800 0.8710062520
662400 0.8724807777
663000 0.8734511392
663600 0.8744215007
664200 0.8753918623
664800 0.8763622238
665400 0.8773325853
666000 0.8783029468
666600 0.8787405399
667200 0.8791781330
667800 0.8796157261
668400 0.8800533192
669000 0.8804909123
669600 0.8809285054
670200 0.8815045201
670800 0.8820805348
671400 0.8826565496
672000 0.8832325643
672600 0.8838085790
673200 0.8843845937
673800 0.8858055735
674400 0.8872265532
675000 0.8886475329
675600 0.8900685127
676200 0.8914894924
676800 0.8929104721
677400 0.8934433206
678000 0.8939761691
678600 0.8945090176
679200 0.8950418660
679800 0.8955747145
680400 0.8961075630
681000 0.8945252012
681600 0.8929428395
682200 0.8913604777
682800 0.8897781159
683400 0.8881957542
684000 0.8866133924
684600 0.8870855188
685200 0.8875576452
685800 0.8880297716
686400 0.8885018980
687000 0.8889740244
687600 0.8894461508
688200 0.8900485582
688800 0.8906509655
689400 0.8912533728
690000 0.8918557802
690600 0.8924581875
691200 0.8930605948
691800 0.8944478327
692400 0.8958350706
693000 0.8972223084
693600 0.8986095463
694200 0.8999967842
694800 0.9013840220
695400 0.9026360198
696000 0.9038880176
696600 0.9051400154
697200 0.9063920132
697800 0.9076440110
698400 0.9088960087
699000 0.9108799040
699600 0.9128637993
700200 0.9148476946
700800 0.9168315899
701400 0.9188154852
702000 0.9207993805
702600 0.9208326100
703200 0.9208658396
703800 0.9208990691
704400 0.9209322987
705000 0.9209655282
705600 0.9209987578
706200 0.9210105363
706800 0.9210223147
707400 0.9210340932
708000 0.9210458716
708600 0.9210576501
709200 0.9210694286
709800 0.9213724541
710400 0.9216754796
711000 0.9219785052
711600 0.9222815307
712200 0.9225845562
712800 0.9228875817
713400 0.9237042713
714000 0.9245209609
714600 0.9253376505
715200 0.9261543401
715800 0.9269710297
716400 0.9277877192
717000 0.9285587235
717600 0.9293297277
718200 0.9301007319
718800 0.9308717362
719400 0.9316427404
720000 0.9324137446
720600 0.9319284885
721200 0.9314432323
721800 0.9309579762
722400 0.9304727201
723000 0.9299874639
723600 0.9295022078
724200 0.9305102838
724800 0.9315183599
725400 0.9325264360
726000 0.9335345120
726600 0.9345425881
727200 0.9355506642
727800 0.9313562217
728400 0.9271617793
729000 0.9229673369
729600 0.9187728944
730200 0.9145784520
730800 0.9103840095
731400 0.9110096689
732000 0.9116353282
732600 0.9122609876
733200 0.9128866469
733800 0.9135123063
734400 0.9141379657
735000 0.9103103393
735600 0.9064827130
736200 0.9026550867
736800 0.8988274604
737400 0.8949998340
738000 0.8911722077
738600 0.8897591899
739200 0.8883461721
739800 0.8869331543
740400 0.8855201365
741000 0.8841071187
741600 0.8826941008
742200 0.8839807297
742800 0.8852673585
743400 0.8865539873
744000 0.8878406162
744600 0.8891272450
745200 0.8904138739
745800 0.8918373609
746400 0.8932608479
747000 0.8946843349
747600 0.8961078219
748200 0.8975313089
748800 0.8989547959
749400 0.9019677983
750000 0.9049808007
750600 0.9079938032
751200 0.9110068056
751800 0.9140198080
752400 0.9170328105
753000 0.9222462403
753600 0.9274596702
754200 0.9326731000
754800 0.9378865298
755400 0.9430999597
756000 0.9483133895
756600 0.9515910310
757200 0.9548686725
757800 0.9581463140
758400 0.9614239555
759000 0.9647015970
759600 0.9679792385
760200 0.9676423143
760800 0.9673053902
761400 0.9669684660
762000 0.9666315418
762600 0.9662946176
763200 0.9659576935
763800 0.9657162926
764400 0.9654748917
765000 0.9652334908
765600 0.9649920899
766200 0.9647506890
766800 0.9645092881
767400 0.9587555954
768000 0.9530019027
768600 0.9472482100
769200 0.9414945173
769800 0.9357408246
770400 0.9299871319
771000 0.9272984436
771600 0.9246097553
772200 0.9219210670
772800 0.9192323787
773400 0.9165436904
774000 0.9138550021
774600 0.9151343375
775200 0.9164136729
775800 0.9176930083
776400 0.9189723437
777000 0.9202516791
777600 0.9215310144
778200 0.9213587683
778800 0.9211865221
779400 0.9210142759
780000 0.9208420297
780600 0.9206697835
781200 0.9204975374
781800 0.9196593419
782400 0.9188211465
783000 0.9179829511
783600 0.9171447556
784200 0.9163065602
784800 0.9154683648
785400 0.9159667366
786000 0.9164651085
786600 0.9169634803
787200 0.9174618521
787800 0.9179602240
788400 0.9184585958
789000 0.9179070703
789600 0.9173555447
790200 0.9168040192
790800 0.9162524937
791400 0.9157009681
792000 0.9151494426
792600 0.9150018144
793200 0.9148541863
793800 0.9147065581
794400 0.9145589299
795000 0.9144113017
795600 0.9142636736
796200 0.9118092290
796800 0.9093547845
797400 0.9069003400
798000 0.9044458954
798600 0.9019914509
799200 0.8995370063
799800 0.8915695173
800400 0.8836020283
801000 0.8756345392
801600 0.8676670502
802200 0.8596995612
802800 0.8517320721
803400 0.8434527759
804000 0.8351734796
804600 0.8268941833
805200 0.8186148870
805800 0.8103355908
806400 0.8020562945
807000 0.7920801795
807600 0.7821040644
808200 0.7721279494
808800 0.7621518344
809400 0.7521757193
810000 0.7421996043
810600 0.7401363854
811200 0.7380731665
811800 0.7360099476
812400 0.7339467287
813000 0.7318835098
813600 0.7298202909
814200 0.7210284402
814800 0.7122365895
815400 0.7034447388
816000 0.6946528881
816600 0.6858610374
817200 0.6770691867
817800 0.6734639703
818400 0.6698587538
819000 0.6662535374
819600 0.6626483210
820200 0.6590431045
820800 0.6554378881
821400 0.6534987970
822000 0.6515597058
822600 0.6496206147
823200 0.6476815235
823800 0.6457424324
824400 0.6438033412
825000 0.6389300402
825600 0.6340567392
826200 0.6291834382
826800 0.6243101372
827400 0.6194368362
828000 0.6145635352
828600 0.6131355399
829200 0.6117075446
829800 0.6102795492
830400 0.6088515539
831000 0.6074235586
831600 0.6059955633
832200 0.6097949473
832800 0.6135943314
833400 0.6173937154
834000 0.6211930995
834600 0.6249924835
835200 0.6287918676
835800 0.6389861525
836400 0.6491804374
837000 0.6593747223
837600 0.6695690072
838200 0.6797632921
838800 0.6899575770
839400 0.6992584356
840000 0.7085592943
840600 0.7178601530
841200 0.7271610117
841800 0.7364618704
842400 0.7457627291
843000 0.7518613581
843600 0.7579599871
844200 0.7640586160
844800 0.7701572450
845400 0.7762558739
846000 0.7823545029
846600 0.7896800291
847200 0.7970055553
847800 0.8043310815
848400 0.8116566077
849000 0.8189821339
849600 0.8263076601
850200 0.8314308813
850800 0.8365541026
851400 0.8416773239
852000 0.8468005452
852600 0.8519237664
853200 0.8570469877
853800 0.8625372703
854400 0.8680275529
855000 0.8735178355
855600 0.8790081181
856200 0.8844984006
856800 0.8899886832
857400 0.8913072379
858000 0.8926257926
858600 0.8939443472
859200 0.8952629019
859800 0.8965814565
860400 0.8979000112
861000 0.8979301793
861600 0.8979603474
862200 0.8979905155
862800 0.8980206836
863400 0.8980508517
864000 0.8980810198
864600 0.8995919024
865200 0.9011027850
865800 0.9026136677
866400 0.9041245503
867000 0.9056354329
867600 0.9071463156
868200 0.9095144851
868800 0.9118826547
869400 0.9142508243
870000 0.9166189938
870600 0.9189871634
871200 0.9213553329
871800 0.9225983376
872400 0.9238413422
873000 0.9250843469
873600 0.9263273515
874200 0.9275703561
874800 0.9288133608
875400 0.9284161262
876000 0.9280188916
876600 0.9276216570
877200 0.9272244224
877800 0.9268271878
878400 0.9264299533
879000 0.9268249301
879600 0.9272199069
880200 0.9276148837
880800 0.9280098605
881400 0.9284048373
882000 0.9287998141
882600 0.9234329751
883200 0.9180661361
883800 0.9126992971
884400 0.9073324581
885000 0.9019656191
885600 0.8965987801
886200 0.8853355864
886800 0.8740723927
887400 0.8628091990
888000 0.8515460053
888600 0.8402828116
889200 0.8290196180
889800 0.8158266057
890400 0.8026335935
891000 0.7894405812
891600 0.7762475690
892200 0.7630545568
892800 0.7498615445
893400 0.7373177889
894000 0.7247740333
894600 0.7122302777
895200 0.6996865221
895800 0.6871427665
896400 0.6745990109
897000 0.6623780420
897600 0.6501570732
898200 0.6379361043
898800 0.6257151354
899400 0.6134941665
900000 0.6012731976
900600 0.5892773856
901200 0.5772815735
901800 0.5652857615
902400 0.5532899494
903000 0.5412941374
903600 0.5292983253
904200 0.5183979562
904800 0.5074975871
905400 0.4965972180
906000 0.4856968489
906600 0.4747964798
907200 0.4638961107
907800 0.4541155103
908400 0.4443349100
909000 0.4345543096
909600 0.4247737093
910200 0.4149931089
910800 0.4052125086
911400 0.4048238782
912000 0.4044352478
912600 0.4040466174
913200 0.4036579870
913800 0.4032693567
914400 0.4028807263
915000 0.4080717837
915600 0.4132628411
916200 0.4184538985
916800 0.4236449558
917400 0.4288360132
918000 0.4340270706
918600 0.4421461818
919200 0.4502652930
919800 0.4583844043
920400 0.4665035155
921000 0.4746226267
921600 0.4827417379
922200 0.4960695763
922800 0.5093974148
923400 0.5227252533
924000 0.5360530917
924600 0.5493809302
925200 0.5627087687
925800 0.5769965427
926400 0.5912843167
927000 0.6055720907
927600 0.6198598647
928200 0.6341476387
928800 0.6484354128
929400 0.6541721504
930000 0.6599088881
930600 0.6656456258
931200 0.6713823635
931800 0.6771191012
932400 0.6828558388
933000 0.6905793931
933600 0.6983029473
934200 0.7060265015
934800 0.7137500557
935400 0.7214736099
936000 0.7291971642
936600 0.7352981967
937200 0.7413992292
937800 0.7475002617
938400 0.7536012943
939000 0.7597023268
939600 0.7658033593
940200 0.7726326339
940800 0.7794619085
941400 0.7862911831
942000 0.7931204576
942600 0.7999497322
943200 0.8067790068
943800 0.8103101219
944400 0.8138412371
945000 0.8173723523
945600 0.8209034674
946200 0.8244345826
946800 0.8279656978
947400 0.8297425665
948000 0.8315194353
948600 0.8332963040
949200 0.8350731728
949800 0.8368500415
950400 0.8386269103
951000 0.8412243804
951600 0.8438218506
952200 0.8464193208
952800 0.8490167910
953400 0.8516142612
954000 0.8542117314
954600 0.8553892429
955200 0.8565667544
955800 0.8577442659
956400 0.8589217774
957000 0.8600992889
957600 0.8612768004
958200 0.8636499326
958800 0.8660230648
959400 0.8683961970
960000 0.8707693292
960600 0.8731424614
961200 0.8755155937
961800 0.8773150653
962400 0.8791145370
963000 0.8809140086
963600 0.8827134803
964200 0.8845129520
964800 0.8863124236
965400 0.8869368731
966000 0.8875613227
966600 0.8881857722
967200 0.8888102217
967800 0.8894346712
968400 0.8900591208
969000 0.8826507197
969600 0.8752423187
970200 0.8678339177
970800 0.8604255166
971400 0.8530171156
972000 0.8456087146
972600 0.8305536098
973200 0.8154985051
973800 0.8004434004
974400 0.7853882957
975000 0.7703331910
975600 0.7552780863
976200 0.7417833608
976800 0.7282886354
977400 0.7147939100
978000 0.7012991846
978600 0.6878044591
979200 0.6743097337
979800 0.6643235010
980400 0.6543372684
981000 0.6443510357
981600 0.6343648031
982200 0.6243785704
982800 0.6143923378
983400 0.6054367623
984000 0.5964811868
984600 0.5875256113
985200 0.5785700358
985800 0.5696144603
986400 0.5606588848
987000 0.5560467750
987600 0.5514346652
988200 0.5468225554
988800 0.5422104456
989400 0.5375983358
990000 0.5329862260
990600 0.5287283456
991200 0.5244704653
991800 0.5202125849
992400 0.5159547045
993000 0.5116968241
993600 0.5074389438
994200 0.5028274753
994800 0.4982160068
995400 0.4936045383
996000 0.4889930698
996600 0.4843816013
997200 0.4797701328
997800 0.4787243100
998400 0.4776784873
999000 0.4766326645
999600 0.4755868417
1000200 0.4745410190
1000800 0.4734951962
1001400 0.4761566271
1002000 0.4788180581
1002600 0.4814794890
1003200 0.4841409200
1003800 0.4868023509
1004400 0.4894637819
1005000 0.4987409880
1005600 0.5080181940
1006200 0.5172954001
1006800 0.5265726062
1007400 0.5358498123
1008000 0.5451270183
1008600 0.5566285708
1009200 0.5681301233
1009800 0.5796316758
1010400 0.5911332282
1011000 0.6026347807
1011600 0.6141363332
1012200 0.6253531673
1012800 0.6365700014
1013400 0.6477868356
1014000 0.6590036697
1014600 0.6702205038
1015200 0.6814373379
1015800 0.6875610511
1016400 0.6936847642
1017000 0.6998084773
1017600 0.7059321905
1018200 0.7120559036
1018800 0.7181796167
1019400 0.7245175147
1020000 0.7308554126
1020600 0.7371933105
1021200 0.7435312085
1021800 0.7498691064
1022400 0.7562070044
1023000 0.7630939847
1023600 0.7699809650
1024200 0.7768679454
1024800 0.7837549257
1025400 0.7906419061
1026000 0.7975288864
1026600 0.8018697191
1027200 0.8062105518
1027800 0.8105513845
1028400 0.8148922172
1029000 0.8192330500
1029600 0.8235738827
1030200 0.8311534994
1030800 0.8387331161
1031400 0.8463127328
1032000 0.8538923495
1032600 0.8614719663
1033200 0.8690515830
1033800 0.8737304544
1034400 0.8784093258
1035000 0.8830881971
1035600 0.8877670685
1036200 0.8924459399
1036800 0.8971248113
1037400 0.8998562189
1038000 0.9025876266
1038600 0.9053190342
1039200 0.9080504419
1039800 0.9107818495
1040400 0.9135132572
1041000 0.9164277218
1041600 0.9193421865
1042200 0.9222566512
1042800 0.9251711158
1043400 0.9280855805
1044000 0.9310000451
1044600 0.9334007426
1045200 0.9358014401
1045800 0.9382021376
1046400 0.9406028351
1047000 0.9430035326
1047600 0.9454042302
1048200 0.9465433988
1048800 0.9476825674
1049400 0.9488217361
1050000 0.9499609047
1050600 0.9511000734
1051200 0.9522392420
1051800 0.9535862922
1052400 0.9549333425
1053000 0.9562803928
1053600 0.9576274430
1054200 0.9589744933
1054800 0.9603215435
1055400 0.9531359872
1056000 0.9459504309
1056600 0.9387648746
1057200 0.9315793183
1057800 0.9243937620
1058400 0.9172082057
1059000 0.9027225920
1059600 0.8882369784
1060200 0.8737513647
1060800 0.8592657510
1061400 0.8447801374
1062000 0.8302945237
1062600 0.8176741145
1063200 0.8050537053
1063800 0.7924332961
1064400 0.7798128870
1065000 0.7671924778
1065600 0.7545720686
1066200 0.7435770192
1066800 0.7325819698
1067400 0.7215869204
1068000 0.7105918710
1068600 0.6995968215
1069200 0.6886017721
1069800 0.6764265763
1070400 0.6642513806
1071000 0.6520761848
1071600 0.6399009890
1072200 0.6277257932
1072800 0.6155505974
1073400 0.6073761556
1074000 0.5992017138
1074600 0.5910272720
1075200 0.5828528302
1075800 0.5746783885
1076400 0.5665039467
1077000 0.5619196960
1077600 0.5573354454
1078200 0.5527511947
1078800 0.5481669441
1079400 0.5435826934
1080000 0.5389984427
1080600 0.5363494919
1081200 0.5337005411
1081800 0.5310515902
1082400 0.5284026394
1083000 0.5257536885
1083600 0.5231047377
1084200 0.5229835150
1084800 0.5228622923
1085400 0.5227410696
1086000 0.5226198469
1086600 0.5224986242
1087200 0.5223774014
1087800 0.5267501512
1088400 0.5311229010
1089000 0.5354956507
1089600 0.5398684005
1090200 0.5442411503
1090800 0.5486139000
1091400 0.5509711419
1092000 0.5533283838
1092600 0.5556856256
1093200 0.5580428675
1093800 0.5604001094
1094400 0.5627573513
1095000 0.5754667301
1095600 0.5881761089
1096200 0.6008854877
1096800 0.6135948665
1097400 0.6263042453
1098000 0.6390136241
1098600 0.6483659617
1099200 0.6577182992
1099800 0.6670706367
1100400 0.6764229742
1101000 0.6857753117
1101600 0.6951276493
1102200 0.7019580320
1102800 0.7087884147
1103400 0.7156187975
1104000 0.7224491802
1104600 0.7292795629
1105200 0.7361099457
1105800 0.7433735707
1106400 0.7506371958
1107000 0.7579008208
1107600 0.7651644459
1108200 0.7724280710
1108800 0.7796916960
1109400 0.7871143849
1110000 0.7945370737
1110600 0.8019597626
1111200 0.8093824514
1111800 0.8168051403
1112400 0.8242278291
1113000 0.8299227595
1113600 0.8356176899
1114200 0.8413126203
1114800 0.8470075507
1115400 0.8527024811
1116000 0.8583974115
1116600 0.8611057560
1117200 0.8638141006
1117800 0.8665224451
1118400 0.8692307897
1119000 0.8719391342
1119600 0.8746474788
1120200 0.8774634340
1120800 0.8802793893
1121400 0.8830953445
1122000 0.8859112997
1122600 0.8887272550
1123200 0.8915432102
1123800 0.8937365833
1124400 0.8959299565
1125000 0.8981233296
1125600 0.9003167028
1126200 0.9025100759
1126800 0.9047034491
1127400 0.9065722077
1128000 0.9084409663
1128600 0.9103097249
1129200 0.9121784835
1129800 0.9140472421
1130400 0.9159160007
1131000 0.9170304394
1131600 0.9181448781
1132200 0.9192593167
1132800 0.9203737554
1133400 0.9214881941
1134000 0.9226026327
1134600 0.9245925844
1135200 0.9265825361
1135800 0.9285724878
1136400 0.9305624394
1137000 0.9325523911
1137600 0.9345423428
1138200 0.9357338405
1138800 0.9369253382
1139400 0.9381168359
1140000 0.9393083336
1140600 0.9404998313
1141200 0.9416913290
1141800 0.9330999116
1142400 0.9245084942
1143000 0.9159170768
1143600 0.9073256593
1144200 0.8987342419
1144800 0.8901428245
1145400 0.8725590689
1146000 0.8549753133
1146600 0.8373915577
1147200 0.8198078021
1147800 0.8022240465
1148400 0.7846402909
1149000 0.7692369932
1149600 0.7538336955
1150200 0.7384303978
1150800 0.7230271001
1151400 0.7076238023
1152000 0.6922205046
1152600 0.6751429147
1153200 0.6580653248
1153800 0.6409877349
1154400 0.6239101450
1155000 0.6068325551
1155600 0.5897549652
1156200 0.5783910537
1156800 0.5670271422
1157400 0.5556632307
1158000 0.5442993192
1158600 0.5329354078
1159200 0.5215714963
1159800 0.5132810082
1160400 0.5049905202
1161000 0.4967000321
1161600 0.4884095441
1162200 0.4801190560
1162800 0.4718285680
1163400 0.4667779052
1164000 0.4617272424
1164600 0.4566765795
1165200 0.4516259167
1165800 0.4465752539
1166400 0.4415245911
1167000 0.4384423894
1167600 0.4353601877
1168200 0.4322779861
1168800 0.4291957844
1169400 0.4261135827
1170000 0.4230313811
1170600 0.4208376838
1171200 0.4186439866
1171800 0.4164502894
1172400 0.4142565921
1173000 0.4120628949
1173600 0.4098691977
1174200 0.4115895567
1174800 0.4133099157
1175400 0.4150302747
1176000 0.4167506337
1176600 0.4184709927
1177200 0.4201913517
1177800 0.4259204195
1178400 0.4316494873
1179000 0.4373785551
1179600 0.4431076229
1180200 0.4488366908
1180800 0.4545657586
1181400 0.4693085316
1182000 0.4840513047
1182600 0.4987940777
1183200 0.5135368508
1183800 0.5282796238
1184400 0.5430223968
1185000 0.5560648441
1185600 0.5691072913
1186200 0.5821497385
1186800 0.5951921858
1187400 0.6082346330
1188000 0.6212770802
1188600 0.6289032524
1189200 0.6365294245
1189800 0.6441555966
1190400 0.6517817688
1191000 0.6594079409
1191600 0.6670341131
1192200 0.6751257813
1192800 0.6832174495
1193400 0.6913091177
1194000 0.6994007859
1194600 0.7074924541
1195200 0.7155841223
1195800 0.7229771660
1196400 0.7303702096
1197000 0.7377632532
1197600 0.7451562968
1198200 0.7525493404
1198800 0.7599423840
1199400 0.7681772976
1200000 0.7764122111
1200600 0.7846471247
1201200 0.7928820382
1201800 0.8011169518
1202400 0.8093518654
1203000 0.8159562646
1203600 0.8225606637
1204200 0.8291650629
1204800 0.8357694621
1205400 0.8423738613
1206000 0.8489782605
1206600 0.8542434295
1207200 0.8595085984
1207800 0.8647737674
1208400 0.8700389363
1209000 0.8753041053
1209600 0.8805692743
1210200 0.8835139587
1210800 0.8864586431
1211400 0.8894033275
1212000 0.8923480118
1212600 0.8952926962
1213200 0.8982373806
1213800 0.8987993198
1214400 0.8993612589
1215000 0.8999231980
1215600 0.9004851371
1216200 0.9010470762
1216800 0.9016090153
1217400 0.9045153801
1218000 0.9074217449
1218600 0.9103281097
1219200 0.9132344746
1219800 0.9161408394
1220400 0.9190472042
1221000 0.9199107785
1221600 0.9207743529
1222200 0.9216379272
1222800 0.9225015016
1223400 0.9233650759
1224000 0.9242286503
1224600 0.9242094870
1225200 0.9241903238
1225800 0.9241711606
1226400 0.9241519973
1227000 0.9241328341
1227600 0.9241136709
1228200 0.9134690241
1228800 0.9028243773
1229400 0.8921797305
1230000 0.8815350837
1230600 0.8708904369
1231200 0.8602457901
1231800 0.8429370754
1232400 0.8256283606
1233000 0.8083196459
1233600 0.7910109311
1234200 0.7737022164
1234800 0.7563935016
1235400 0.7457174533
1236000 0.7350414050
1236600 0.7243653567
1237200 0.7136893084
1237800 0.7030132601
1238400 0.6923372118
1239000 0.6847694244
1239600 0.6772016371
1240200 0.6696338497
1240800 0.6620660624
1241400 0.6544982750
1242000 0.6469304877
1242600 0.6406277887
1243200 0.6343250897
1243800 0.6280223907
1244400 0.6217196917
1245000 0.6154169927
1245600 0.6091142937
1246200 0.6051729405
1246800 0.6012315874
1247400 0.5972902343
1248000 0.5933488812
1248600 0.5894075281
1249200 0.5854661749
1249800 0.5810416608
1250400 0.5766171468
1251000 0.5721926327
1251600 0.5677681186
1252200 0.5633436045
1252800 0.5589190904
1253400 0.5564721795
1254000 0.5540252687
1254600 0.5515783578
1255200 0.5491314470
1255800 0.5466845361
1256400 0.5442376252
1257000 0.5422213465
1257600 0.5402050678
1258200 0.5381887891
1258800 0.5361725103
1259400 0.5341562316
1260000 0.5321399529
1260600 0.5318277773
1261200 0.5315156017
1261800 0.5312034261
1262400 0.5308912505
1263000 0.5305790749
1263600 0.5302668993
1264200 0.5414206084
1264800 0.5525743176
1265400 0.5637280267
1266000 0.5748817358
1266600 0.5860354449
1267200 0.5971891540
1267800 0.6119821289
1268400 0.6267751038
1269000 0.6415680787
1269600 0.6563610535
1270200 0.6711540284
1270800 0.6859470033
1271400 0.7011001948
1272000 0.7162533864
1272600 0.7314065779
1273200 0.7465597695
1273800 0.7617129610
1274400 0.7768661526
1275000 0.7837960350
1275600 0.7907259174
1276200 0.7976557998
1276800 0.8045856822
1277400 0.8115155646
1278000 0.8184454470
1278600 0.8226740860
1279200 0.8269027250
1279800 0.8311313640
1280400 0.8353600030
1281000 0.8395886420
1281600 0.8438172810
1282200 0.8424653223
1282800 0.8411133637
1283400 0.8397614050
1284000 0.8384094463
1284600 0.8370574877
1285200 0.8357055290
1285800 0.8302669485
1286400 0.8248283680
1287000 0.8193897875
1287600 0.8139512070
1288200 0.8085126265
1288800 0.8030740460
1289400 0.8073893034
1290000 0.8117045607
1290600 0.8160198181
1291200 0.8203350754
1291800 0.8246503328
1292400 0.8289655902
1293000 0.8342156156
1293600 0.8394656411
1294200 0.8447156666
1294800 0.8499656921
1295400 0.8552157176
1296000 0.8604657431
1296600 0.8648347027
1297200 0.8692036622
1297800 0.8735726218
1298400 0.8779415813
1299000 0.8823105409
1299600 0.8866795005
1300200 0.8903344186
1300800 0.8939893367
1301400 0.8976442548
1302000 0.9012991729
1302600 0.9049540910
1303200 0.9086090091
1303800 0.9116607406
1304400 0.9147124721
1305000 0.9177642036
1305600 0.9208159352
1306200 0.9238676667
1306800 0.9269193982
1307400 0.9285657316
1308000 0.9302120650
1308600 0.9318583983
1309200 0.9335047317
1309800 0.9351510651
1310400 0.9367973985
1311000 0.9386205582
1311600 0.9404437180
1312200 0.9422668778
1312800 0.9440900376
1313400 0.9459131973
1314000 0.9477363571
1314600 0.9485479577
1315200 0.9493595583
1315800 0.9501711589
1316400 0.9509827594
1317000 0.9517943600
1317600 0.9526059606
1318200 0.9392718719
1318800 0.9259377831
1319400 0.9126036944
1320000 0.8992696057
1320600 0.8859355169
1321200 0.8726014282
1321800 0.8561336994
1322400 0.8396659707
1323000 0.8231982419
1323600 0.8067305132
1324200 0.7902627844
1324800 0.7737950557
1325400 0.7612898942
1326000 0.7487847327
1326600 0.7362795712
1327200 0.7237744096
1327800 0.7112692481
1328400 0.6987640866
1329000 0.6857669890
1329600 0.6727698915
1330200 0.6597727939
1330800 0.6467756963
1331400 0.6337785987
1332000 0.6207815012
1332600 0.6147764259
1333200 0.6087713506
1333800 0.6027662753
1334400 0.5967612001
1335000 0.5907561248
1335600 0.5847510495
1336200 0.5789918105
1336800 0.5732325715
1337400 0.5674733325
1338000 0.5617140935
1338600 0.5559548545
1339200 0.5501956155
1339800 0.5468242954
1340400 0.5434529753
1341000 0.5400816552
1341600 0.5367103352
1342200 0.5333390151
1342800 0.5299676950
1343400 0.5284614815
1344000 0.5269552680
1344600 0.5254490546
1345200 0.5239428411
1345800 0.5224366276
1346400 0.5209304141
1347000 0.5238898174
1347600 0.5268492207
1348200 0.5298086240
1348800 0.5327680273
1349400 0.5357274306
1350000 0.5386868338
1350600 0.5487480739
1351200 0.5588093140
1351800 0.5688705541
1352400 0.5789317942
1353000 0.5889930343
1353600 0.5990542743
1354200 0.6195293409
1354800 0.6400044075
1355400 0.6604794741
1356000 0.6809545407
1356600 0.7014296073
1357200 0.7219046739
1357800 0.7339404803
1358400 0.7459762867
1359000 0.7580120931
1359600 0.7700478994
1360200 0.7820837058
1360800 0.7941195122
1361400 0.7994165712
1362000 0.8047136302
1362600 0.8100106892
1363200 0.8153077482
1363800 0.8206048072
1364400 0.8259018662
1365000 0.8285191459
1365600 0.8311364255
1366200 0.8337537052
1366800 0.8363709849
1367400 0.8389882646
1368000 0.8416055443
1368600 0.8418181470
1369200 0.8420307497
1369800 0.8422433524
1370400 0.8424559551
1371000 0.8426685578
1371600 0.8428811605
1372200 0.8458956325
1372800 0.8489101046
1373400 0.8519245767
1374000 0.8549390487
1374600 0.8579535208
1375200 0.8609679929
1375800 0.8656956217
1376400 0.8704232505
1377000 0.8751508793
1377600 0.8798785081
1378200 0.8846061369
1378800 0.8893337657
1379400 0.8935687478
1380000 0.8978037299
1380600 0.9020387120
1381200 0.9062736941
1381800 0.9105086762
1382400 0.9147436583
1383000 0.9162364714
1383600 0.9177292844
1384200 0.9192220974
1384800 0.9207149105
1385400 0.9222077235
1386000 0.9237005365
1386600 0.9262517596
1387200 0.9288029826
1387800 0.9313542057
1388400 0.9339054287
1389000 0.9364566518
1389600 0.9390078748
1390200 0.9383816723
1390800 0.9377554697
1391400 0.9371292671
1392000 0.9365030645
1392600 0.9358768620
1393200 0.9352506594
1393800 0.9373188334
1394400 0.9393870074
1395000 0.9414551814
1395600 0.9435233554
1396200 0.9455915294
1396800 0.9476597034
1397400 0.9502926147
1398000 0.9529255260
1398600 0.9555584373
1399200 0.9581913486
1399800 0.9608242599
1400400 0.9634571713
1401000 0.9605657937
1401600 0.9576744161
1402200 0.9547830385
1402800 0.9518916609
1403400 0.9490002833
1404000 0.9461089057
1404600 0.9420859189
1405200 0.9380629322
1405800 0.9340399454
1406400 0.9300169586
1407000 0.9259939719
1407600 0.9219709851
1408200 0.9213696249
1408800 0.9207682647
1409400 0.9201669046
1410000 0.9195655444
1410600 0.9189641842
1411200 0.9183628240
1411800 0.9197724037
1412400 0.9211819833
1413000 0.9225915630
1413600 0.9240011426
1414200 0.9254107223
1414800 0.9268203019
1415400 0.9235305139
1416000 0.9202407258
1416600 0.9169509377
1417200 0.9136611497
1417800 0.9103713616
1418400 0.9070815735
1419000 0.8983417218
1419600 0.8896018700
1420200 0.8808620183
1420800 0.8721221665
1421400 0.8633823148
1422000 0.8546424630
1422600 0.8394590533
1423200 0.8242756435
1423800 0.8090922337
1424400 0.7939088240
1425000 0.7787254142
1425600 0.7635420045
1426200 0.7531531757
1426800 0.7427643469
1427400 0.7323755182
1428000 0.7219866894
1428600 0.7115978606
1429200 0.7012090319
1429800 0.6959264907
1430400 0.6906439496
1431000 0.6853614084
1431600 0.6800788673
1432200 0.6747963261
1432800 0.6695137850
1433400 0.6703416863
1434000 0.6711695876
1434600 0.6719974889
1435200 0.6728253902
1435800 0.6736532916
1436400 0.6744811929
1437000 0.6781427837
1437600 0.6818043745
1438200 0.6854659653
1438800 0.6891275561
1439400 0.6927891469
1440000 0.6964507377
1440600 0.7073061367
1441200 0.7181615356
1441800 0.7290169346
1442400 0.7398723335
1443000 0.7507277325
1443600 0.7615831314
1444200 0.7664240233
1444800 0.7712649151
1445400 0.7761058069
1446000 0.7809466987
1446600 0.7857875906
1447200 0.7906284824
1447800 0.7932482649
1448400 0.7958680474
1449000 0.7984878300
1449600 0.8011076125
1450200 0.8037273950
1450800 0.8063471776
1451400 0.8083411678
1452000 0.8103351580
1452600 0.8123291483
1453200 0.8143231385
1453800 0.8163171288
1454400 0.8183111190
1455000 0.8155814192
1455600 0.8128517194
1456200 0.8101220196
1456800 0.8073923198
1457400 0.8046626200
1458000 0.8019329202
1458600 0.8006300788
1459200 0.7993272375
1459800 0.7980243961
1460400 0.7967215548
1461000 0.7954187135
1461600 0.7941158721
1462200 0.7948952332
1462800 0.7956745942
1463400 0.7964539552
1464000 0.7972333162
1464600 0.7980126772
1465200 0.7987920382
1465800 0.7980648958
1466400 0.7973377534
1467000 0.7966106110
1467600 0.7958834685
1468200 0.7951563261
1468800 0.7944291837
1469400 0.7942334152
1470000 0.7940376467
1470600 0.7938418781
1471200 0.7936461096
1471800 0.7934503411
1472400 0.7932545726
1473000 0.7905178876
1473600 0.7877812026
1474200 0.7850445177
1474800 0.7823078327
1475400 0.7795711477
1476000 0.7768344627
1476600 0.7747650611
1477200 0.7726956596
1477800 0.7706262580
1478400 0.7685568564
1479000 0.7664874548
1479600 0.7644180532
1480200 0.7662166480
1480800 0.7680152429
1481400 0.7698138378
1482000 0.7716124326
1482600 0.7734110275
1483200 0.7752096223
1483800 0.7768374814
1484400 0.7784653404
1485000 0.7800931994
1485600 0.7817210585
1486200 0.7833489175
1486800 0.7849767766
1487400 0.7866982195
1488000 0.7884196624
1488600 0.7901411053
1489200 0.7918625482
1489800 0.7935839912
1490400 0.7953054341
1491000 0.7903574585
1491600 0.7854094830
1492200 0.7804615075
1492800 0.7755135320
1493400 0.7705655564
1494000 0.7656175809
1494600 0.7593961706
1495200 0.7531747602
1495800 0.7469533499
1496400 0.7407319396
1497000 0.7345105293
1497600 0.7282891190
1498200 0.7180034435
1498800 0.7077177680
1499400 0.6974320925
1500000 0.6871464170
1500600 0.6768607416
1501200 0.6665750661
1501800 0.6558093014
1502400 0.6450435368
1503000 0.6342777721
1503600 0.6235120075
1504200 0.6127462428
1504800 0.6019804782
1505400 0.5980714353
1506000 0.5941623925
1506600 0.5902533497
1507200 0.5863443068
1507800 0.5824352640
1508400 0.5785262212
1509000 0.5763854805
1509600 0.5742447398
1510200 0.5721039991
1510800 0.5699632584
1511400 0.5678225177
1512000 0.5656817770
1512600 0.5638450238
1513200 0.5620082706
1513800 0.5601715173
1514400 0.5583347641
1515000 0.5564980109
1515600 0.5546612577
1516200 0.5549064860
1516800 0.5551517143
1517400 0.5553969425
1518000 0.5556421708
1518600 0.5558873991
1519200 0.5561326274
1519800 0.5600626418
1520400 0.5639926563
1521000 0.5679226707
1521600 0.5718526852
1522200 0.5757826996
1522800 0.5797127141
1523400 0.5862331299
1524000 0.5927535456
1524600 0.5992739614
1525200 0.6057943772
1525800 0.6123147929
1526400 0.6188352087
1527000 0.6289026252
1527600 0.6389700418
1528200 0.6490374583
1528800 0.6591048748
1529400 0.6691722913
1530000 0.6792397079
1530600 0.6891010843
1531200 0.6989624608
1531800 0.7088238372
1532400 0.7186852137
1533000 0.7285465901
1533600 0.7384079666
1534200 0.7406711116
1534800 0.7429342566
1535400 0.7451974015
1536000 0.7474605465
1536600 0.7497236915
1537200 0.7519868365
1537800 0.7542216768
1538400 0.7564565171
1539000 0.7586913575
1539600 0.7609261978
1540200 0.7631610381
1540800 0.7653958784
1541400 0.7681439547
1542000 0.7708920310
1542600 0.7736401073
1543200 0.7763881836
1543800 0.7791362599
1544400 0.7818843362
1545000 0.7862338456
1545600 0.7905833549
1546200 0.7949328642
1546800 0.7992823735
1547400 0.8036318828
1548000 0.8079813921
1548600 0.8043902239
1549200 0.8007990557
1549800 0.7972078875
1550400 0.7936167193
1551000 0.7900255512
1551600 0.7864343830
1552200 0.7846451913
1552800 0.7828559997
1553400 0.7810668080
1554000 0.7792776164
1554600 0.7774884247
1555200 0.7756992331
1555800 0.7765103116
1556400 0.7773213901
1557000 0.7781324686
1557600 0.7789435472
1558200 0.7797546257
1558800 0.7805657042
1559400 0.7835675247
1560000 0.7865693451
1560600 0.7895711656
1561200 0.7925729860
1561800 0.7955748065
1562400 0.7985766269
1563000 0.8016044031
1563600 0.8046321792
1564200 0.8076599553
1564800 0.8106877315
1565400 0.8137155076
1566000 0.8167432837
1566600 0.8199445369
1567200 0.8231457900
1567800 0.8263470431
1568400 0.8295482962
1569000 0.8327495493
1569600 0.8359508025
1570200 0.8361664306
1570800 0.8363820588
1571400 0.8365976869
1572000 0.8368133151
1572600 0.8370289432
1573200 0.8372445714
1573800 0.8353496503
1574400 0.8334547291
1575000 0.8315598080
1575600 0.8296648869
1576200 0.8277699658
1576800 0.8258750447
1577400 0.8235989206
1578000 0.8213227965
1578600 0.8190466724
1579200 0.8167705483
1579800 0.8144944242
1580400 0.8122183001
1581000 0.8136306145
1581600 0.8150429289
1582200 0.8164552434
1582800 0.8178675578
1583400 0.8192798722
1584000 0.8206921867
1584600 0.8247672793
1585200 0.8288423720
1585800 0.8329174647
1586400 0.8369925574
1587000 0.8410676501
1587600 0.8451427428
1588200 0.8480264965
1588800 0.8509102502
1589400 0.8537940039
1590000 0.8566777576
1590600 0.8595615113
1591200 0.8624452650
1591800 0.8563161722
1592400 0.8501870795
1593000 0.8440579867
1593600 0.8379288939
1594200 0.8317998012
1594800 0.8256707084
1595400 0.8170151670
1596000 0.8083596256
1596600 0.7997040843
1597200 0.7910485429
1597800 0.7823930015
1598400 0.7737374601
1599000 0.7659013985
1599600 0.7580653368
1600200 0.7502292752
1600800 0.7423932136
1601400 0.7345571519
1602000 0.7267210903
1602600 0.7280010576
1603200 0.7292810249
1603800 0.7305609922
1604400 0.7318409595
1605000 0.7331209268
1605600 0.7344008941
1606200 0.7386355654
1606800 0.7428702367
1607400 0.7471049080
1608000 0.7513395793
1608600 0.7555742506
1609200 0.7598089220
1609800 0.7649618670
1610400 0.7701148121
1611000 0.7752677571
1611600 0.7804207022
1612200 0.7855736473
1612800 0.7907265923
1613400 0.7971703017
1614000 0.8036140110
1614600 0.8100577203
1615200 0.8165014297
1615800 0.8229451390
1616400 0.8293888483
1617000 0.8328003878
1617600 0.8362119272
1618200 0.8396234667
1618800 0.8430350061
1619400 0.8464465456
1620000 0.8498580850
1620600 0.8570379050
1621200 0.8642177250
1621800 0.8713975450
1622400 0.8785773649
1623000 0.8857571849
1623600 0.8929370049
1624200 0.8940007106
1624800 0.8950644163
1625400 0.8961281220
1626000 0.8971918276
1626600 0.8982555333
1627200 0.8993192390
1627800 0.8989213291
1628400 0.8985234192
1629000 0.8981255093
1629600 0.8977275994
1630200 0.8973296895
1630800 0.8969317796
1631400 0.8937695841
1632000 0.8906073885
1632600 0.8874451930
1633200 0.8842829974
1633800 0.8811208018
1634400 0.8779586063
1635000 0.8728165702
1635600 0.8676745342
1636200 0.8625324981
1636800 0.8573904621
1637400 0.8522484260
1638000 0.8471063900
1638600 0.8420136459
1639200 0.8369209018
1639800 0.8318281577
1640400 0.8267354136
1641000 0.8216426695
1641600 0.8165499254
1642200 0.8136090965
1642800 0.8106682675
1643400 0.8077274386
1644000 0.8047866097
1644600 0.8018457808
1645200 0.7989049519
1645800 0.7983736334
1646400 0.7978423150
1647000 0.7973109966
1647600 0.7967796781
1648200 0.7962483597
1648800 0.7957170413
1649400 0.7969519376
1650000 0.7981868339
1650600 0.7994217303
1651200 0.8006566266
1651800 0.8018915230
1652400 0.8031264193
1653000 0.8025304068
1653600 0.8019343943
1654200 0.8013383817
1654800 0.8007423692
1655400 0.8001463567
1656000 0.7995503442
1656600 0.8010191702
1657200 0.8024879963
1657800 0.8039568224
1658400 0.8054256485
1659000 0.8068944745
1659600 0.8083633006
1660200 0.8046541809
1660800 0.8009450612
1661400 0.7972359415
1662000 0.7935268217
1662600 0.7898177020
1663200 0.7861085823
1663800 0.7759626018
1664400 0.7658166213
1665000 0.7556706408
1665600 0.7455246603
1666200 0.7353786798
1666800 0.7252326993
1667400 0.7153529437
1668000 0.7054731882
1668600 0.6955934326
1669200 0.6857136771
1669800 0.6758339215
1670400 0.6659541660
1671000 0.6586136783
1671600 0.6512731906
1672200 0.6439327030
1672800 0.6365922153
1673400 0.6292517277
1674000 0.6219112400
1674600 0.6124065612
1675200 0.6029018824
1675800 0.5933972036
1676400 0.5838925248
1677000 0.5743878460
1677600 0.5648831673
1678200 0.5618220903
1678800 0.5587610133
1679400 0.5556999363
1680000 0.5526388594
1680600 0.5495777824
1681200 0.5465167054
1681800 0.5454181244
1682400 0.5443195433
1683000 0.5432209623
1683600 0.5421223812
1684200 0.5410238002
1684800 0.5399252192
1685400 0.5483836998
1686000 0.5568421805
1686600 0.5653006611
1687200 0.5737591418
1687800 0.5822176224
1688400 0.5906761031
1689000 0.6058655438
1689600 0.6210549845
1690200 0.6362444252
1690800 0.6514338660
1691400 0.6666233067
1692000 0.6818127474
1692600 0.6938685385
1693200 0.7059243297
1693800 0.7179801208
1694400 0.7300359120
1695000 0.7420917031
1695600 0.7541474943
1696200 0.7562140745
1696800 0.7582806547
1697400 0.7603472348
1698000 0.7624138150
1698600 0.7644803952
1699200 0.7665469754
1699800 0.7673702559
1700400 0.7681935364
1701000 0.7690168169
1701600 0.7698400974
1702200 0.7706633780
1702800 0.7714866585
1703400 0.7759356424
1704000 0.7803846263
1704600 0.7848336102
1705200 0.7892825941
1705800 0.7937315781
1706400 0.7981805620
1707000 0.8046273339
1707600 0.8110741059
1708200 0.8175208778
1708800 0.8239676497
1709400 0.8304144217
1710000 0.8368611936
1710600 0.8388821488
1711200 0.8409031039
1711800 0.8429240591
1712400 0.8449450142
1713000 0.8469659694
1713600 0.8489869245
1714200 0.8468212369
1714800 0.8446555493
1715400 0.8424898617
1716000 0.8403241742
1716600 0.8381584866
1717200 0.8359927990
1717800 0.8290162874
1718400 0.8220397759
1719000 0.8150632643
1719600 0.8080867527
1720200 0.8011102412
1720800 0.7941337296
1721400 0.7913564165
1722000 0.7885791034
1722600 0.7858017903
1723200 0.7830244772
1723800 0.7802471641
1724400 0.7774698511
1725000 0.7783296931
1725600 0.7791895351
1726200 0.7800493772
1726800 0.7809092192
1727400 0.7817690613
1728000 0.7826289033
1728600 0.7844752769
1729200 0.7863216505
1729800 0.7881680241
1730400 0.7900143977
1731000 0.7918607714
1731600 0.7937071450
1732200 0.7952933866
1732800 0.7968796282
1733400 0.7984658698
1734000 0.8000521114
1734600 0.8016383531
1735200 0.8032245947
1735800 0.8039481095
1736400 0.8046716242
1737000 0.8053951390
1737600 0.8061186538
1738200 0.8068421686
1738800 0.8075656834
1739400 0.8081904247
1740000 0.8088151660
1740600 0.8094399073
1741200 0.8100646487
1741800 0.8106893900
1742400 0.8113141313
1743000 0.8120874703
1743600 0.8128608092
1744200 0.8136341482
1744800 0.8144074872
1745400 0.8151808261
1746000 0.8159541651
1746600 0.8130711672
1747200 0.8101881693
1747800 0.8073051714
1748400 0.8044221735
1749000 0.8015391756
1749600 0.7986561777
1750200 0.7928925598
1750800 0.7871289420
1751400 0.7813653241
1752000 0.7756017063
1752600 0.7698380885
1753200 0.7640744706
1753800 0.7545351995
1754400 0.7449959283
1755000 0.7354566572
1755600 0.7259173860
1756200 0.7163781149
1756800 0.7068388438
1757400 0.6999856196
1758000 0.6931323954
1758600 0.6862791712
1759200 0.6794259471
1759800 0.6725727229
1760400 0.6657194987
1761000 0.6626511131
1761600 0.6595827275
1762200 0.6565143420
1762800 0.6534459564
1763400 0.6503775708
1764000 0.6473091852
1764600 0.6500368044
1765200 0.6527644236
1765800 0.6554920429
1766400 0.6582196621
1767000 0.6609472813
1767600 0.6636749005
1768200 0.6672734306
1768800 0.6708719607
1769400 0.6744704907
1770000 0.6780690208
1770600 0.6816675508
1771200 0.6852660809
1771800 0.6788300466
1772400 0.6723940124
1773000 0.6659579782
1773600 0.6595219440
1774200 0.6530859097
1774800 0.6466498755
1775400 0.6418267621
1776000 0.6370036487
1776600 0.6321805352
1777200 0.6273574218
1777800 0.6225343084
1778400 0.6177111950
1779000 0.6138824187
1779600 0.6100536425
1780200 0.6062248663
1780800 0.6023960901
1781400 0.5985673139
1782000 0.5947385376
1782600 0.6026077236
1783200 0.6104769096
1783800 0.6183460955
1784400 0.6262152815
1785000 0.6340844675
1785600 0.6419536534
1786200 0.6532631340
1786800 0.6645726145
1787400 0.6758820951
1788000 0.6871915756
1788600 0.6985010562
1789200 0.7098105367
1789800 0.7176800315
1790400 0.7255495263
1791000 0.7334190210
1791600 0.7412885158
1792200 0.7491580106
1792800 0.7570275054
1793400 0.7603225478
1794000 0.7636175902
1794600 0.7669126326
1795200 0.7702076750
1795800 0.7735027174
1796400 0.7767977598
1797000 0.7817466401
1797600 0.7866955204
1798200 0.7916444007
1798800 0.7965932810
1799400 0.8015421613
1800000 0.8064910416
1800600 0.8097596146
1801200 0.8130281875
1801800 0.8162967605
1802400 0.8195653335
1803000 0.8228339064
1803600 0.8261024794
1804200 0.8272267456
1804800 0.8283510118
1805400 0.8294752780
1806000 0.8305995442
1806600 0.8317238104
1807200 0.8328480767
1807800 0.8375080800
1808400 0.8421680834
1809000 0.8468280867
1809600 0.8514880901
1810200 0.8561480934
1810800 0.8608080968
1811400 0.8623213198
1812000 0.8638345428
1812600 0.8653477658
1813200 0.8668609888
1813800 0.8683742118
1814400 0.8698874348
1815000 0.8700218781
1815600 0.8701563214
1816200 0.8702907647
1816800 0.8704252080
1817400 0.8705596514
1818000 0.8706940947
1818600 0.8730108939
1819200 0.8753276931
1819800 0.8776444923
1820400 0.8799612916
1821000 0.8822780908
1821600 0.8845948900
1822200 0.8862793538
1822800 0.8879638177
1823400 0.8896482815
1824000 0.8913327453
1824600 0.8930172091
1825200 0.8947016729
1825800 0.8958399874
1826400 0.8969783019
1827000 0.8981166164
1827600 0.8992549309
1828200 0.9003932454
1828800 0.9015315599
1829400 0.9018544684
1830000 0.9021773769
1830600 0.9025002853
1831200 0.9028231938
1831800 0.9031461022
1832400 0.9034690107
1833000 0.8981346294
1833600 0.8928002482
1834200 0.8874658669
1834800 0.8821314856
1835400 0.8767971044
1836000 0.8714627231
1836600 0.8610632899
1837200 0.8506638568
1837800 0.8402644236
1838400 0.8298649904
1839000 0.8194655573
1839600 0.8090661241
1840200 0.7983109120
1840800 0.7875557000
1841400 0.7768004879
1842000 0.7660452759
1842600 0.7552900638
1843200 0.7445348518
1843800 0.7329095493
1844400 0.7212842469
1845000 0.7096589444
1845600 0.6980336420
1846200 0.6864083395
1846800 0.6747830371
1847400 0.6619434858
1848000 0.6491039345
1848600 0.6362643833
1849200 0.6234248320
1849800 0.6105852808
1850400 0.5977457295
1851000 0.5891268851
1851600 0.5805080407
1852200 0.5718891963
1852800 0.5632703518
1853400 0.5546515074
1854000 0.5460326630
1854600 0.5421777642
1855200 0.5383228653
1855800 0.5344679665
1856400 0.5306130676
1857000 0.5267581688
1857600 0.5229032700
1858200 0.5187351078
1858800 0.5145669456
1859400 0.5103987834
1860000 0.5062306212
1860600 0.5020624590
1861200 0.4978942968
1861800 0.4994515592
1862400 0.5010088215
1863000 0.5025660839
1863600 0.5041233462
1864200 0.5056806085
1864800 0.5072378709
1865400 0.5095850446
1866000 0.5119322182
1866600 0.5142793919
1867200 0.5166265656
1867800 0.5189737393
1868400 0.5213209130
1869000 0.5308243346
1869600 0.5403277562
1870200 0.5498311778
1870800 0.5593345993
1871400 0.5688380209
1872000 0.5783414425
1872600 0.5893849360
1873200 0.6004284294
1873800 0.6114719228
1874400 0.6225154162
1875000 0.6335589096
1875600 0.6446024031
1876200 0.6530032258
1876800 0.6614040486
1877400 0.6698048713
1878000 0.6782056941
1878600 0.6866065169
1879200 0.6950073396
1879800 0.7056330811
1880400 0.7162588225
1881000 0.7268845640
1881600 0.7375103054
1882200 0.7481360468
1882800 0.7587617883
1883400 0.7688232930
1884000 0.7788847978
1884600 0.7889463025
1885200 0.7990078072
1885800 0.8090693120
1886400 0.8191308167
1887000 0.8201946403
1887600 0.8212584640
1888200 0.8223222876
1888800 0.8233861112
1889400 0.8244499349
1890000 0.8255137585
1890600 0.8297713291
1891200 0.8340288997
1891800 0.8382864703
1892400 0.8425440409
1893000 0.8468016115
1893600 0.8510591821
1894200 0.8515382255
1894800 0.8520172689
1895400 0.8524963124
1896000 0.8529753558
1896600 0.8534543992
1897200 0.8539334427
1897800 0.8560376978
1898400 0.8581419529
1899000 0.8602462080
1899600 0.8623504632
1900200 0.8644547183
1900800 0.8665589734
