# time[s] S_t[W.m2]
0 0.0
600 0.0
1200 0.0
1800 0.0
2400 0.0
3000 0.0
3600 0.0
4200 0.0
4800 0.0
5400 0.0
6000 0.0
6600 0.0
7200 0.0
7800 0.0
8400 0.0
9000 0.0
9600 0.0
10200 0.0
10800 0.0
11400 0.0
12000 0.0
12600 0.0
13200 0.0
13800 0.0
14400 0.0
15000 0.0
15600 0.0
16200 0.0
16800 0.0
17400 0.0
18000 0.0
18600 0.0
19200 0.0
19800 0.0
20400 0.0
21000 6.538754798764922
21600 13.125667063224142
22200 19.714733315786113
22800 26.293410894340834
23400 32.84917691221021
24000 39.36955209617364
24600 45.84212454147462
25200 52.254573338586546
25800 58.59469202676435
26400 64.8504118297363
27000 71.0098246293056
27600 77.06120563313007
28200 82.99303569353096
28800 88.79402323484511
29400 94.453125747581
30000 99.9595708084634
30600 105.30287658635291
31200 110.47287179500772
31800 115.45971505470487
32400 120.25391362586583
33000 124.846341479026
33600 129.22825666675035
34200 133.39131796442726
34800 137.32760074826365
35400 141.02961208025684
36000 144.49030497142775
36600 147.70309179616515
37200 150.6618568321453
37800 153.36096790195697
38400 155.79528709427137
39000 157.96018054414824
39600 159.8515272538612
40200 161.46572693745128
40800 162.7997068740756
41400 163.85092775710632
42000 164.61738852784512
42600 165.09763018465216
43200 165.29073856023848
43800 165.19634606183567
44400 164.81463237092925
45000 164.14632410122516
45600 163.1926934154989
46200 161.9555556039615
46800 160.43726562875165
47400 158.6407136411311
48000 156.56931947991757
48600 154.22702616162735
49200 151.61829237471898
49800 148.74808399222658
50400 145.62186461893828
51000 142.24558519111378
51600 138.6256726485391
52200 134.76901770048153
52800 130.68296170883247
53400 126.37528271340831
54000 121.85418062600934
54600 117.12826162142161
55200 112.20652175507396
55800 107.09832983853542
56400 101.8134096054498
57000 96.36182120185589
57600 90.7539420361281
58200 85.00044702498927
58800 79.11228827320063
59400 73.10067422560694
60000 66.97704833122582
60600 60.75306725999138
61200 54.44057871362051
61800 48.051598872839705
62400 41.59828952390195
63000 35.092934907934776
63600 28.547918337189962
64200 21.975698622704538
64800 15.388786358245282
65400 8.799720105683278
66000 2.2210425271285863
66600 0.0
67200 0.0
67800 0.0
68400 0.0
69000 0.0
69600 0.0
70200 0.0
70800 0.0
71400 0.0
72000 0.0
72600 0.0
73200 0.0
73800 0.0
74400 0.0
75000 0.0
75600 0.0
76200 0.0
76800 0.0
77400 0.0
78000 0.0
78600 0.0
79200 0.0
79800 0.0
80400 0.0
81000 0.0
81600 0.0
82200 0.0
82800 0.0
83400 0.0
84000 0.0
84600 0.0
85200 0.0
85800 0.0
86400 0.0
87000 0.0
87600 0.0
88200 0.0
88800 0.0
89400 0.0
90000 0.0
90600 0.0
91200 0.0
91800 0.0
92400 0.0
93000 0.0
93600 0.0
94200 0.0
94800 0.0
95400 0.0
96000 0.0
96600 0.0
97200 0.0
97800 0.0
98400 0.0
99000 0.0
99600 0.0
100200 0.0
100800 0.0
101400 0.0
102000 0.0
102600 0.0
103200 0.0
103800 0.0
104400 0.0
105000 0.0
105600 0.0
106200 0.0
106800 0.0
107400 5.465634985161816
108000 11.9840578047828
108600 18.50415404935101
109200 25.01351234508676
109800 31.499741758506502
110400 37.95049538326854
111000 44.353493843211275
111600 50.69654866684362
112200 56.967585488793034
112800 63.15466703404657
113400 69.24601584123207
114000 75.23003668168543
114600 81.09533863162737
115200 86.83075675543421
115800 92.42537335872734
116400 97.8685387708253
117000 103.14989161699675
117600 108.25937854192658
118200 113.18727334684897
118800 117.92419550391942
119400 122.46112801258298
120000 126.789434563947
120600 130.9008759804861
121200 134.78762589978476
121800 138.4422856724633
122400 141.85789844592708
123000 145.02796240713107
123600 147.94644315915048
124200 150.60778520799823
124800 153.0069225378235
125400 155.13928825436105
126000 157.00082327827351
126600 158.58798407184028
127200 159.8977493842825
127800 160.9276260028856
128400 161.67565349897183
129000 162.1404079596872
129600 162.32100469850093
130200 162.21709993925612
130800 161.8288914705676
131400 161.15711826931988
132000 160.20305909398263
132600 158.96853005042124
133200 157.45588113483618
133800 155.6679917604116
134400 153.60826527618872
135000 151.28062248859752
135600 148.68949419797866
136200 145.83981276430345
136800 142.73700271814624
137400 139.38697043478206
138000 135.79609289106565
138600 131.9712055264937
139200 127.91958923155696
139800 123.64895648815167
140400 119.16743668843188
141000 114.48356066004928
141600 109.60624442723785
142200 104.54477223865547
142800 99.30877889428834
143400 93.90823140506176
144000 88.35341002006862
144600 82.65488865753065
145200 76.82351477674433
145800 70.8703887293251
146400 64.80684262905794
147000 58.64441878057428
147600 52.394847707918686
148200 46.0700258248305
148800 39.68199278924375
149400 33.24290858511339
150000 26.765030375195792
150600 20.260689168842184
151200 13.74226634922113
151800 7.222170104652889
152400 0.7128118089171723
153000 0.0
153600 0.0
154200 0.0
154800 0.0
155400 0.0
156000 0.0
156600 0.0
157200 0.0
157800 0.0
158400 0.0
159000 0.0
159600 0.0
160200 0.0
160800 0.0
161400 0.0
162000 0.0
162600 0.0
163200 0.0
163800 0.0
164400 0.0
165000 0.0
165600 0.0
166200 0.0
166800 0.0
167400 0.0
168000 0.0
168600 0.0
169200 0.0
169800 0.0
170400 0.0
171000 0.0
171600 0.0
172200 0.0
172800 0.0
173400 0.0
174000 0.0
174600 0.0
175200 0.0
175800 0.0
176400 0.0
177000 0.0
177600 0.0
178200 0.0
178800 0.0
179400 0.0
180000 0.0
180600 0.0
181200 0.0
181800 0.0
182400 0.0
183000 0.0
183600 0.0
184200 0.0
184800 0.0
185400 0.0
186000 0.0
186600 0.0
187200 0.0
187800 0.0
188400 0.0
189000 0.0
189600 0.0
190200 0.0
190800 0.0
191400 0.0
192000 0.0
192600 0.0
193200 0.0
193800 4.412255830230277
194400 10.861587151118998
195000 17.312118097211126
195600 23.751569716226463
196200 30.167684146013848
196800 36.54824794808797
197400 42.88111535660407
198000 49.1542313985134
198600 55.35565484088959
199200 61.47358092174416
199800 67.49636382106203
200400 73.4125388292818
201000 79.21084417102185
201600 84.88024244251008
202200 90.40994162190917
202800 95.78941561254364
203400 101.00842427992285
204000 106.05703294441952
204600 110.92563129249662
205200 115.60495167048543
205800 120.08608672609137
206400 124.36050636404502
207000 128.42007398362335
207600 132.2570619671318
208200 135.8641663898636
208800 139.23452092353565
209400 142.36170990673472
210000 145.23978055749348
210600 147.86325430474932
211200 150.22713721711585
211800 152.32692950911513
212400 154.15863410677488
213000 155.71876425628622
213600 157.0043501612375
214200 158.01294463579072
214800 158.74262776303885
215400 159.19201054967664
216000 159.36023757002857
216600 159.24698859439988
217200 158.85247919865242
217800 158.1774603538434
218400 157.22321699670954
219000 155.9915655837167
219600 154.48485063333206
220200 152.70594026309973
220800 150.6582207300161
221400 148.3455899845972
222000 145.77245025090826
222600 142.94369964668005
223200 139.86472285946337
223800 136.54138089657033
224400 132.9799999283137
225000 129.1873592457822
225600 125.17067835607466
226200 120.93760323955779
226800 116.49619179530822
227400 111.85489850244339
228000 107.02255832654005
228600 102.00836990177541
229200 96.82187802080378
229800 91.47295546570152
230400 85.97178421456522
231000 80.3288360595374
231600 74.5548526731556
232200 68.66082516096729
232800 62.65797313933666
233400 56.55772337826688
234000 50.37168804989336
234600 44.11164262405502
235200 37.78950345301786
235800 31.41730508802056
236400 25.007177370823143
237000 18.571322343863237
237600 12.121991022974452
238200 5.671460076882324
238800 0.0
239400 0.0
240000 0.0
240600 0.0
241200 0.0
241800 0.0
242400 0.0
243000 0.0
243600 0.0
244200 0.0
244800 0.0
245400 0.0
246000 0.0
246600 0.0
247200 0.0
247800 0.0
248400 0.0
249000 0.0
249600 0.0
250200 0.0
250800 0.0
251400 0.0
252000 0.0
252600 0.0
253200 0.0
253800 0.0
254400 0.0
255000 0.0
255600 0.0
256200 0.0
256800 0.0
257400 0.0
258000 0.0
258600 0.0
259200 0.0
259800 0.0
260400 0.0
261000 0.0
261600 0.0
262200 0.0
262800 0.0
263400 0.0
264000 0.0
264600 0.0
265200 0.0
265800 0.0
266400 0.0
267000 0.0
267600 0.0
268200 0.0
268800 0.0
269400 0.0
270000 0.0
270600 0.0
271200 0.0
271800 0.0
272400 0.0
273000 0.0
273600 0.0
274200 0.0
274800 0.0
275400 0.0
276000 0.0
276600 0.0
277200 0.0
277800 0.0
278400 0.0
279000 0.0
279600 0.0
280200 3.3789369802608107
280800 9.758604750718927
281400 16.139005808480977
282000 22.507994697495263
282600 28.85344768542187
283200 35.163285841846346
283800 41.42549803121009
284400 47.628163776689895
285000 53.75947595150267
285600 59.807763254442676
286200 65.76151242686662
286800 71.60939016883582
287400 77.34026471269674
288000 82.94322701303355
288600 88.407611512656
289200 93.7230164450938
289800 98.87932363495005
290400 103.86671775842366
291000 108.67570502733562
291600 113.2971312610945
292200 117.72219931219969
292800 121.94248581211156
293400 125.94995720561202
294000 129.73698504313376
294600 133.2963605019476
295200 136.62130810856584
295800 139.7054986362417
296400 142.54306115301188
297000 145.12859419734906
297600 147.4571760601513
298200 149.5243741534949
298800 151.32625344831723
299400 152.8593839649685
300000 154.1208473023728
300600 155.1082421933705
301200 155.81968907566676
301800 156.25383366968512
302400 156.40984955651567
303000 156.2874397510505
303600 155.88683726731162
304200 155.20880467489556
304800 154.2546326473789
305400 153.02613750544754
306000 151.52565775942728
306600 149.75604965779632
307200 147.72068175015414
307800 145.42342847499566
308400 142.86866278449747
309000 140.06124782035482
309600 137.00652765651498
310200 133.71031712642883
310800 130.17889075418464
311400 126.41897081059523
312000 122.43771451697307
312600 118.24270042095284
313200 113.8419139702954
313800 109.24373231213387
314400 104.45690834659814
315000 99.49055406517192
315600 94.35412320549901
316200 89.05739325565642
316800 83.61044684215017
317400 78.02365253706249
318000 72.30764512088592
318600 66.47330533861356
319200 60.53173918762323
319800 54.49425677678002
320400 48.372350797000834
321000 42.177674644264634
321600 35.922020236710715
322200 29.617295568051695
322800 23.275502040031682
323400 16.908711617075348
324000 10.529043846617165
324600 4.148642788855081
325200 0.0
325800 0.0
326400 0.0
327000 0.0
327600 0.0
328200 0.0
328800 0.0
329400 0.0
330000 0.0
330600 0.0
331200 0.0
331800 0.0
332400 0.0
333000 0.0
333600 0.0
334200 0.0
334800 0.0
335400 0.0
336000 0.0
336600 0.0
337200 0.0
337800 0.0
338400 0.0
339000 0.0
339600 0.0
340200 0.0
340800 0.0
341400 0.0
342000 0.0
342600 0.0
343200 0.0
343800 0.0
344400 0.0
345000 0.0
345600 0.0
346200 0.0
346800 0.0
347400 0.0
348000 0.0
348600 0.0
349200 0.0
349800 0.0
350400 0.0
351000 0.0
351600 0.0
352200 0.0
352800 0.0
353400 0.0
354000 0.0
354600 0.0
355200 0.0
355800 0.0
356400 0.0
357000 0.0
357600 0.0
358200 0.0
358800 0.0
359400 0.0
360000 0.0
360600 0.0
361200 0.0
361800 0.0
362400 0.0
363000 0.0
363600 0.0
364200 0.0
364800 0.0
365400 0.0
366000 0.0
366600 2.3659758508174593
367200 8.675438942031297
367800 14.985177119437267
368400 21.283179437792533
369000 27.55745729172909
369600 33.79606723674533
370200 39.98713372423151
370800 46.11887170725149
371400 52.17960907404937
372000 58.157808866577625
372600 64.04209124175259
373200 69.82125513363233
373800 75.48429957528244
374400 81.02044463974184
375000 86.4191519602264
375600 91.67014479050923
376200 96.76342756729079
376800 101.68930493732228
377400 106.43840021306133
378000 111.00167322172956
378600 115.37043751379551
379200 119.53637689812496
379800 123.49156127232322
380400 127.22846171813609
381000 130.73996483317345
381600 134.019386271675
382200 137.06048346854237
382800 139.85746752241675
383400 142.40501421518138
384000 144.69827414691346
384600 146.7328819669926
385200 148.5049646837937
385800 150.0111490371468
386400 151.24856791952925
387000 152.21486583376827
387600 152.90820337686324
388200 153.32726074139416
388800 153.47124022785002
389400 153.33986776309507
390000 152.93339342208267
390600 152.25259095182346
391200 151.29875629851387
391800 150.07370514062885
392400 148.57976943267485
393000 146.81979296618167
393600 144.79712595638378
394200 142.51561866489527
394800 139.97961407051787
395400 137.193939602134
396000 134.1638979494217
396600 130.89525696888316
397200 127.39423870440226
397800 123.6675075432303
398400 119.72215752994617
399000 115.56569886253907
399600 111.20604359632023
400200 106.65149058287545
400800 101.91070967272962
401400 96.99272521179367
402000 91.90689886300893
402600 86.6629117858897
403200 81.27074620788616
403800 75.7406664226466
404400 70.08319925135152
405000 64.30911400431071
405600 58.42940198096956
406200 52.4552555473456
406800 46.39804683072331
407400 40.26930607216409
408000 34.08069967803691
408600 27.844008012350056
409200 21.571102972159725
409800 15.273925388738647
410400 8.964462297524744
411000 2.6547241201187433
411600 0.0
412200 0.0
412800 0.0
413400 0.0
414000 0.0
414600 0.0
415200 0.0
415800 0.0
416400 0.0
417000 0.0
417600 0.0
418200 0.0
418800 0.0
419400 0.0
420000 0.0
420600 0.0
421200 0.0
421800 0.0
422400 0.0
423000 0.0
423600 0.0
424200 0.0
424800 0.0
425400 0.0
426000 0.0
426600 0.0
427200 0.0
427800 0.0
428400 0.0
429000 0.0
429600 0.0
430200 0.0
430800 0.0
431400 0.0
432000 0.0
432600 0.0
433200 0.0
433800 0.0
434400 0.0
435000 0.0
435600 0.0
436200 0.0
436800 0.0
437400 0.0
438000 0.0
438600 0.0
439200 0.0
439800 0.0
440400 0.0
441000 0.0
441600 0.0
442200 0.0
442800 0.0
443400 0.0
444000 0.0
444600 0.0
445200 0.0
445800 0.0
446400 0.0
447000 0.0
447600 0.0
448200 0.0
448800 0.0
449400 0.0
450000 0.0
450600 0.0
451200 0.0
451800 0.0
452400 0.0
453000 1.3736476606948842
453600 7.612396745923065
454200 13.850971502847898
454800 20.0774964498422
455400 26.280119042776832
456000 32.447032237012166
456600 38.56649696277837
457200 44.62686447116256
457800 50.61659850816356
458400 56.524297274607775
459000 62.33871513012163
459600 68.04878399984726
460200 73.64363444315202
460800 79.11261634422661
461400 84.44531918518564
462000 89.63159186308044
462600 94.66156201310008
463200 99.52565480117923
463800 104.21461115023881
464400 108.7195053653655
465000 113.03176212437937
465600 117.14317280144704
466200 121.0459110926673
466800 124.73254791388575
467400 128.19606554237848
468000 131.42987097548607
468600 134.42780848076924
469200 137.184171313795
469800 139.6937125812492
470400 141.95165522869635
471000 143.95370113397394
471600 145.69603928891235
472200 147.1753530538057
472800 148.3888264708238
473400 149.33414962434802
474000 150.00952303802697
474600 150.413661100182
475200 150.54579451104212
475800 150.40567174714977
476400 149.99355954015007
477000 149.310242369052
477600 148.35702096692788
478200 147.13570984489425
478800 145.64863383808677
479400 143.89862368020414
480000 141.88901061504603
480600 139.62362005530093
481200 137.10676430065567
481800 134.34323432908792
482400 131.3382906769674
483000 128.09765342532572
483600 124.62749131135715
484200 120.93440998587675
484800 117.02543943908864
485400 112.90802061859989
486000 108.5899912651542
486600 104.07957099304656
487200 99.38534564362041
487800 94.51625094163076
488400 89.48155548558411
489000 84.29084310443437
489600 78.95399461421991
490200 73.48116900936846
490800 67.88278412447409
491400 62.169496803356274
492000 56.35218261315299
492600 50.4419151420599
493200 44.44994492012563
493800 38.387678003229105
494400 32.26665426100344
495000 26.09852541003802
495600 19.895032834174277
496200 13.667985234113894
496800 7.429236148885714
497400 1.1906613919608149
498000 0.0
498600 0.0
499200 0.0
499800 0.0
500400 0.0
501000 0.0
501600 0.0
502200 0.0
502800 0.0
503400 0.0
504000 0.0
504600 0.0
505200 0.0
505800 0.0
506400 0.0
507000 0.0
507600 0.0
508200 0.0
508800 0.0
509400 0.0
510000 0.0
510600 0.0
511200 0.0
511800 0.0
512400 0.0
513000 0.0
513600 0.0
514200 0.0
514800 0.0
515400 0.0
516000 0.0
516600 0.0
517200 0.0
517800 0.0
518400 0.0
519000 0.0
519600 0.0
520200 0.0
520800 0.0
521400 0.0
522000 0.0
522600 0.0
523200 0.0
523800 0.0
524400 0.0
525000 0.0
525600 0.0
526200 0.0
526800 0.0
527400 0.0
528000 0.0
528600 0.0
529200 0.0
529800 0.0
530400 0.0
531000 0.0
531600 0.0
532200 0.0
532800 0.0
533400 0.0
534000 0.0
534600 0.0
535200 0.0
535800 0.0
536400 0.0
537000 0.0
537600 0.0
538200 0.0
538800 0.0
539400 0.40220548016138186
540000 6.569763869857871
540600 12.736707926550473
541200 18.89129852172099
541800 25.02182004236758
542400 31.11660269233954
543000 37.164044706457865
543600 43.15263443513456
544200 49.07097225745192
544800 54.90779228098875
545400 60.65198378708719
546000 66.2926123807368
546600 71.81894080481722
547200 77.22044937907725
547800 82.48685602494412
548400 87.60813583804443
549000 92.57454017117938
549600 97.37661519142893
550200 102.00521987605995
550800 106.45154341298243
551400 110.70712197263148
552000 114.76385481934747
552600 118.61401973158702
553200 122.25028770161069
553800 125.66573688666553
554400 128.85386578510634
555000 131.80860561237355
555600 134.52433185326956
556200 136.99587496854298
556800 139.21853023540058
557400 141.18806670321442
558000 142.9007352473769
558600 144.35327570597246
559200 145.54292308568122
559800 146.46741282510072
560400 147.1249851054674
561000 147.51438820057166
561600 147.6348808594897
562200 147.48623371759697
562800 147.06872973317655
563400 146.38316364879222
564000 145.4308404784506
564600 144.21357302343296
565200 142.73367842152484
565800 140.99397373621275
566400 138.99777059424346
567000 136.7488688817546
567600 134.25154951097497
568200 131.5105662712653
568800 128.53113678000958
569400 125.31893255058425
570000 121.88006819630965
570600 118.22108979093653
571200 114.34896240782217
571800 110.27105686151766
572400 105.99513567700347
573000 101.52933831328173
573600 96.88216566945357
574200 92.06246390277465
574800 87.07940758949172
575400 81.9424822605155
576000 76.66146634517355
576600 71.24641255741392
577200 65.70762875989331
577800 60.05565834237395
578400 54.30126015178273
579000 48.45538801213418
579600 42.52916987330354
580200 36.53388662834235
580800 30.480950639657213
581400 24.381884014928648
582000 18.24829667412535
582600 12.091864249360924
583200 5.924305859664374
583800 0.0
584400 0.0
585000 0.0
585600 0.0
586200 0.0
586800 0.0
587400 0.0
588000 0.0
588600 0.0
589200 0.0
589800 0.0
590400 0.0
591000 0.0
591600 0.0
592200 0.0
592800 0.0
593400 0.0
594000 0.0
594600 0.0
595200 0.0
595800 0.0
596400 0.0
597000 0.0
597600 0.0
598200 0.0
598800 0.0
599400 0.0
600000 0.0
600600 0.0
601200 0.0
601800 0.0
602400 0.0
603000 0.0
603600 0.0
604200 0.0
604800 0.0
605400 0.0
606000 0.0
606600 0.0
607200 0.0
607800 0.0
608400 0.0
609000 0.0
609600 0.0
610200 0.0
610800 0.0
611400 0.0
612000 0.0
612600 0.0
613200 0.0
613800 0.0
614400 0.0
615000 0.0
615600 0.0
616200 0.0
616800 0.0
617400 0.0
618000 0.0
618600 0.0
619200 0.0
619800 0.0
620400 0.0
621000 0.0
621600 0.0
622200 0.0
622800 0.0
623400 0.0
624000 0.0
624600 0.0
625200 0.0
625800 0.0
626400 5.547804723232913
627000 11.642684820853914
627600 17.724918634974692
628200 23.782928287838622
628800 29.80518201375662
629400 35.78021611047891
630000 41.69665676100365
630600 47.54324168428409
631200 53.308841573620505
631800 58.982481281928386
632400 64.5533607135543
633000 70.01087538287204
633600 75.34463660052376
634200 80.54449124888048
634800 85.60054110907862
635400 90.50316170284216
636000 95.2430206132242
636600 99.81109524939288
637200 104.19869002164573
637800 108.39745289395933
638400 112.3993912825641
639000 116.19688727028196
639600 119.78271210766482
640200 123.15003997332974
640800 126.29246096729797
641400 129.203993312604
642000 131.87909474194788
642600 134.31267304771598
643200 136.50009577528772
643800 138.4371990411762
644400 140.1202954592171
645000 141.54618115971766
645600 142.71214188820497
646200 143.61595817216346
646800 144.25590954592707
647400 144.63077782568337
648000 144.73984942835574
648600 144.58291672994926
649200 144.16027846077483
649800 143.472739136799
650400 142.52160752820208
651000 141.30869416805996
651600 139.83630790589103
652200 138.10725151263037
652800 136.12481634539563
653400 133.89277608220198
654000 131.41537953855118
654600 128.69734257957015
655200 125.74383914309342
655800 122.56049139077848
656400 119.1533590060015
657000 115.5289276589057
657600 111.69409666055947
658200 107.65616582972564
658800 103.42282159724179
659400 99.00212237446195
660000 94.40248321361278
660600 89.63265978926344
661200 84.70173173140115
661800 79.61908534183966
662400 74.39439572686034
663000 69.03760838009711
663600 63.558920250724626
664200 57.96876033298517
664800 52.27776981400619
665400 46.496781817695485
666000 40.63680078327364
666600 34.70898151769933
667200 28.724607961859956
667800 22.695071710948287
668400 16.631850329914627
669000 10.546485505268794
669600 4.450561074823765
670200 0.0
670800 0.0
671400 0.0
672000 0.0
672600 0.0
673200 0.0
673800 0.0
674400 0.0
675000 0.0
675600 0.0
676200 0.0
676800 0.0
677400 0.0
678000 0.0
678600 0.0
679200 0.0
679800 0.0
680400 0.0
681000 0.0
681600 0.0
682200 0.0
682800 0.0
683400 0.0
684000 0.0
684600 0.0
685200 0.0
685800 0.0
686400 0.0
687000 0.0
687600 0.0
688200 0.0
688800 0.0
689400 0.0
690000 0.0
690600 0.0
691200 0.0
691800 0.0
692400 0.0
693000 0.0
693600 0.0
694200 0.0
694800 0.0
695400 0.0
696000 0.0
696600 0.0
697200 0.0
697800 0.0
698400 0.0
699000 0.0
699600 0.0
700200 0.0
700800 0.0
701400 0.0
702000 0.0
702600 0.0
703200 0.0
703800 0.0
704400 0.0
705000 0.0
705600 0.0
706200 0.0
706800 0.0
707400 0.0
708000 0.0
708600 0.0
709200 0.0
709800 0.0
710400 0.0
711000 0.0
711600 0.0
712200 0.0
712800 4.546762443368978
713400 10.569180054410392
714000 16.57866988912484
714600 22.563792542054912
715200 28.513154992058553
715800 34.41543228957255
716400 40.25938911429759
717000 46.03390116226902
717600 51.727976321601645
718200 57.330775596599736
718800 62.83163374040093
719400 68.22007955688017
720000 73.48585583316661
720600 78.61893886483111
721200 83.60955753657763
721800 88.44821192211612
722400 93.12569136781269
723000 97.63309202569192
723600 101.96183380241754
724200 106.103676691988
724800 110.05073646105609
725400 113.79549965701511
726000 117.33083791028311
726600 120.6500215035596
727200 123.74673218222458
727800 126.61507518149577
728400 129.24959044744813
729000 131.6452630305368
729600 133.79753263183875
730200 135.7023022838409
730800 137.35594614925063
731400 138.75531642298319
732000 139.89774932418746
732600 140.7810701669044
733200 141.40359749970523
733800 141.7641463064298
734400 141.8620302619323
735000 141.69706303854002
735600 141.26955866073882
736200 140.5803309074096
736800 139.630691762754
737400 138.4224489188578
738000 136.95790233464643
738600 135.23983985778233
739200 133.2715319178384
739800 131.05672530084968
740400 128.59963601709308
741000 125.9049412756719
741600 122.977770581183
742200 119.8236959694128
742800 116.44872140065067
743400 112.85927133080929
744000 109.0621784821076
744600 105.06467083659572
745200 100.87435787728042
745800 96.49921610304158
746400 91.94757384491314
747000 87.22809541263207
747600 82.34976460163175
748200 77.32186759187702
748800 72.15397527109312
749400 66.85592501603625
750000 61.43780196648865
750600 55.9099198276209
751200 50.282801237268686
751800 44.56715773549337
752400 38.773869374556284
753000 32.91396400812165
753600 26.998596299109767
754200 21.03902648616199
754800 15.046598949137303
755400 9.032720614439778
756000 3.008839241285833
756600 0.0
757200 0.0
757800 0.0
758400 0.0
759000 0.0
759600 0.0
760200 0.0
760800 0.0
761400 0.0
762000 0.0
762600 0.0
763200 0.0
763800 0.0
764400 0.0
765000 0.0
765600 0.0
766200 0.0
766800 0.0
767400 0.0
768000 0.0
768600 0.0
769200 0.0
769800 0.0
770400 0.0
771000 0.0
771600 0.0
772200 0.0
772800 0.0
773400 0.0
774000 0.0
774600 0.0
775200 0.0
775800 0.0
776400 0.0
777000 0.0
777600 0.0
778200 0.0
778800 0.0
779400 0.0
780000 0.0
780600 0.0
781200 0.0
781800 0.0
782400 0.0
783000 0.0
783600 0.0
784200 0.0
784800 0.0
785400 0.0
786000 0.0
786600 0.0
787200 0.0
787800 0.0
788400 0.0
789000 0.0
789600 0.0
790200 0.0
790800 0.0
791400 0.0
792000 0.0
792600 0.0
793200 0.0
793800 0.0
794400 0.0
795000 0.0
795600 0.0
796200 0.0
796800 0.0
797400 0.0
798000 0.0
798600 0.0
799200 3.566858931712358
799800 9.51645091827488
800400 15.452845432448456
801000 21.36474220987274
801600 27.24088761902169
802200 33.070096083130636
802800 38.84127137257771
803400 44.54342772718723
804000 50.16571076824875
804600 55.69741816044407
805200 61.12801998435036
805800 66.44717878074056
806400 71.64476922852461
807000 76.71089741887332
807600 81.63591968883658
808200 86.41046097860345
808800 91.02543267746168
809400 95.47204992448471
810000 99.74184833101356
810600 103.82670009310198
811200 107.71882946325303
811800 111.41082755199639
812400 114.89566643113076
813000 118.1667125117844
813600 121.21773917182864
814200 124.0429386086071
814800 126.6369328944181
815400 128.99478421370543
816000 131.11200426247143
816600 132.98456279201838
817200 134.60889528075595
817800 135.98190971947085
818400 137.10099249714187
819000 137.96401337609734
819600 138.5693295470432
820200 138.91578875624407
820800 139.0027314989039
821400 138.82999227457043
822000 138.39789990217508
822600 137.70727689410722
823200 136.7594378905152
823800 135.5561871568139
824400 134.09981514916333
825000 132.3930941544548
825600 130.43927301310535
826200 128.24207093470554
826800 125.80567041829241
827400 123.13470929072486
828000 120.23427187831675
828600 117.10987932853271
829200 113.76747910017005
829800 110.21343364203314
830400 106.45450828165025
831000 102.49785834708817
831600 98.3510155463787
832200 94.02187363048411
832800 89.5186733670936
833400 84.84998685385378
834000 80.02470120089335
834600 75.052001613704
835200 69.94135390857977
835800 64.70248649389751
836400 59.34537185153902
837000 53.88020755370427
837600 48.31739685125393
838200 42.667528870529715
838800 36.94135845635022
839400 31.149785699553227
840000 25.303835188052872
840600 19.41463502090963
841200 13.493395625362059
841800 7.551388417140959
842400 1.5999243446885791
843000 0.0
843600 0.0
844200 0.0
844800 0.0
845400 0.0
846000 0.0
846600 0.0
847200 0.0
847800 0.0
848400 0.0
849000 0.0
849600 0.0
850200 0.0
850800 0.0
851400 0.0
852000 0.0
852600 0.0
853200 0.0
853800 0.0
854400 0.0
855000 0.0
855600 0.0
856200 0.0
856800 0.0
857400 0.0
858000 0.0
858600 0.0
859200 0.0
859800 0.0
860400 0.0
861000 0.0
861600 0.0
862200 0.0
862800 0.0
863400 0.0
864000 0.0
864600 0.0
865200 0.0
865800 0.0
866400 0.0
867000 0.0
867600 0.0
868200 0.0
868800 0.0
869400 0.0
870000 0.0
870600 0.0
871200 0.0
871800 0.0
872400 0.0
873000 0.0
873600 0.0
874200 0.0
874800 0.0
875400 0.0
876000 0.0
876600 0.0
877200 0.0
877800 0.0
878400 0.0
879000 0.0
879600 0.0
880200 0.0
880800 0.0
881400 0.0
882000 0.0
882600 0.0
883200 0.0
883800 0.0
884400 0.0
885000 0.0
885600 2.6082948998815016
886200 8.484734117954451
886800 14.34771839900623
887400 20.186087219227616
888000 25.98872691173815
888600 31.744591822082576
889200 37.44272533426221
889800 43.07228072727575
890400 48.62254182246964
891000 54.08294338239297
891600 59.44309122232752
892200 64.692781996209
892800 69.82202261927644
893400 74.8210492904769
894000 79.68034607841562
894600 84.39066303547233
895200 88.94303380560243
895800 93.32879269230514
896400 97.53959115426935
897000 101.56741369729653
897600 105.40459313224964
898200 109.0438251699832
898800 112.47818232547291
899400 115.70112710467728
900000 118.70652444902882
900600 121.48865341386693
901200 124.04221805858126
901800 126.36235752773537
902400 128.44465530398162
903000 130.28514761515294
903600 131.8803309795282
904200 133.22716887490904
904800 134.32309751881235
905400 135.16603074877594
906000 135.75436399348737
906600 136.08697732717667
907200 136.16323760145866
907800 135.98299965056685
908400 135.54660656768488
909000 134.85488905184894
909600 133.90916382666512
910200 132.71123113385096
910800 131.2633713063734
911400 129.56834042770495
912000 127.62936508546242
912600 125.45013622941396
913200 123.0348021455463
913800 120.38796055956664
914400 117.51464988487064
915000 114.42033963163584
915600 111.11091999529832
916200 107.59269064423106
916800 103.87234872796681
917400 99.95697612879364
918000 95.85402598098932
918600 91.5713084833566
919200 87.11697603206599
919800 82.49950770210626
920400 77.72769310688318
921000 72.81061566669098
921600 67.7576353179055
922200 62.578370695813206
922800 57.282680824992624
923400 51.88064635209993
924000 46.38255035678592
924600 40.79885877726918
925200 35.1402004878274
925800 29.417347066131686
926400 23.64119228893616
927000 17.822731395154083
927600 11.973040155796646
928200 6.10325379061271
928800 0.22454577156513408
929400 0.0
930000 0.0
930600 0.0
931200 0.0
931800 0.0
932400 0.0
933000 0.0
933600 0.0
934200 0.0
934800 0.0
935400 0.0
936000 0.0
936600 0.0
937200 0.0
937800 0.0
938400 0.0
939000 0.0
939600 0.0
940200 0.0
940800 0.0
941400 0.0
942000 0.0
942600 0.0
943200 0.0
943800 0.0
944400 0.0
945000 0.0
945600 0.0
946200 0.0
946800 0.0
947400 0.0
948000 0.0
948600 0.0
949200 0.0
949800 0.0
950400 0.0
951000 0.0
951600 0.0
952200 0.0
952800 0.0
953400 0.0
954000 0.0
954600 0.0
955200 0.0
955800 0.0
956400 0.0
957000 0.0
957600 0.0
958200 0.0
958800 0.0
959400 0.0
960000 0.0
960600 0.0
961200 0.0
961800 0.0
962400 0.0
963000 0.0
963600 0.0
964200 0.0
964800 0.0
965400 0.0
966000 0.0
966600 0.0
967200 0.0
967800 0.0
968400 0.0
969000 0.0
969600 0.0
970200 0.0
970800 0.0
971400 0.0
972000 1.6712499252608675
972600 7.47424577332684
973200 13.263541851979092
973800 19.02811790708983
974400 24.7570007405011
975000 30.439285098130995
975600 36.064154428744956
976200 41.6209014738754
976800 47.098948649697086
977400 52.487868182059
978000 57.77740195634516
978600 62.95748104437871
979200 68.01824487119912
979800 72.95005998522709
980400 77.74353839608699
981000 82.3895554451802
981600 86.87926717499148
982200 91.20412716406463
982800 95.35590279560138
983400 99.32669092871566
984000 103.10893294251127
984600 106.6954291243463
985200 110.07935237489555
985800 113.25426120392198
986400 116.2141119920195
987000 118.95327049498601
987600 121.46652256892763
988200 123.74908409567757
988800 125.79661008963744
989400 127.60520296870394
990000 129.17141997353804
990600 130.49227972105308
991200 131.565267879647
991800 132.3883419553751
992400 132.95993517995396
993000 133.27895949319316
993600 133.34480761418038
994200 133.1573541972748
994800 132.71695607070959
995400 132.02445155734927
996000 131.0811588788944
996600 129.8888736465717
997200 128.44986544308597
997800 126.76687350234039
998400 124.84310149514917
999000 122.6822114308681
999600 120.28831668655147
1000200 117.66597417690511
1000800 114.82017567994046
1001400 111.75633833484102
1002000 108.48029433013033
1002600 104.99827980176954
1003200 101.31692296231817
1003800 97.44323148375469
1004400 93.38457915797488
1005000 89.1486918603595
1005600 84.74363284313168
1006200 80.17778738649793
1006800 75.4598468367906
1007400 70.59879206199625
1008000 65.60387635616306
1008600 60.484607825229446
1009200 55.25073128780445
1009800 49.91220972535087
1010400 44.479205317084684
1011000 38.96206009568894
1011600 33.371276260666406
1012200 27.71749618680648
1012800 22.011482165819782
1013400 16.2640959197036
1014000 10.486277924837681
1014600 4.689026586164982
1015200 0.0
1015800 0.0
1016400 0.0
1017000 0.0
1017600 0.0
1018200 0.0
1018800 0.0
1019400 0.0
1020000 0.0
1020600 0.0
1021200 0.0
1021800 0.0
1022400 0.0
1023000 0.0
1023600 0.0
1024200 0.0
1024800 0.0
1025400 0.0
1026000 0.0
1026600 0.0
1027200 0.0
1027800 0.0
1028400 0.0
1029000 0.0
1029600 0.0
1030200 0.0
1030800 0.0
1031400 0.0
1032000 0.0
1032600 0.0
1033200 0.0
1033800 0.0
1034400 0.0
1035000 0.0
1035600 0.0
1036200 0.0
1036800 0.0
1037400 0.0
1038000 0.0
1038600 0.0
1039200 0.0
1039800 0.0
1040400 0.0
1041000 0.0
1041600 0.0
1042200 0.0
1042800 0.0
1043400 0.0
1044000 0.0
1044600 0.0
1045200 0.0
1045800 0.0
1046400 0.0
1047000 0.0
1047600 0.0
1048200 0.0
1048800 0.0
1049400 0.0
1050000 0.0
1050600 0.0
1051200 0.0
1051800 0.0
1052400 0.0
1053000 0.0
1053600 0.0
1054200 0.0
1054800 0.0
1055400 0.0
1056000 0.0
1056600 0.0
1057200 0.0
1057800 0.0
1058400 0.7558825159273733
1059000 6.485181426397467
1059600 12.200548733469963
1060200 17.891104910635732
1060800 23.546017660781374
1061400 29.15452253608278
1062000 34.70594342874329
1062600 40.18971289357151
1063200 45.59539226371408
1063800 50.91269152125122
1064400 56.1314888848307
1065000 61.2418500770538
1065600 66.23404723493731
1066200 71.09857742745314
1066800 75.82618074489811
1067400 80.40785792565799
1068000 84.83488748681373
1068600 89.09884232597976
1069200 93.19160576277235
1069800 97.10538698937211
1070400 100.83273590076946
1071000 104.36655727646283
1071600 107.70012428661434
1072200 110.82709129695264
1072800 113.74150594804831
1073400 116.4378204859685
1074000 118.91090232274183
1074600 121.15604380653113
1075200 123.16897118291658
1075800 124.94585273022989
1076400 126.48330605345438
1077000 127.7784045228062
1077600 128.82868284474034
1078200 129.63214175477708
1078800 130.18725182321555
1079400 130.4929563664901
1080000 130.54867345862743
1080600 130.35429703897597
1081200 129.91019711409814
1081800 129.2172190534419
1082400 128.27668198013208
1083000 127.09037625994429
1083600 125.66056009324217
1084200 123.98995521636446
1084800 122.08174172064524
1085400 119.9395519989294
1086000 117.56746383110635
1086600 114.96999262182413
1087200 112.15208280516038
1087800 109.11909843261051
1088400 105.87681296231125
1089000 102.43139826893486
1089600 98.78941289517465
1090200 94.95778956718651
1090800 90.94382199775056
1091400 86.75515100227418
1092000 82.39974995406571
1092600 77.88590960656529
1093200 73.22222231142435
1093800 68.41756566247568
1094400 63.48108559672957
1095000 58.42217898456222
1095600 53.250475742239516
1096200 47.975820500823374
1096800 42.60825386635774
1097400 37.15799330700405
1098000 31.635413703509272
1098600 26.051027600031723
1099200 20.415465192915267
1099800 14.739454095505995
1100400 9.033798917531382
1101000 3.309360697911022
1101600 0.0
1102200 0.0
1102800 0.0
1103400 0.0
1104000 0.0
1104600 0.0
1105200 0.0
1105800 0.0
1106400 0.0
1107000 0.0
1107600 0.0
1108200 0.0
1108800 0.0
1109400 0.0
1110000 0.0
1110600 0.0
1111200 0.0
1111800 0.0
1112400 0.0
1113000 0.0
1113600 0.0
1114200 0.0
1114800 0.0
1115400 0.0
1116000 0.0
1116600 0.0
1117200 0.0
1117800 0.0
1118400 0.0
1119000 0.0
1119600 0.0
1120200 0.0
1120800 0.0
1121400 0.0
1122000 0.0
1122600 0.0
1123200 0.0
1123800 0.0
1124400 0.0
1125000 0.0
1125600 0.0
1126200 0.0
1126800 0.0
1127400 0.0
1128000 0.0
1128600 0.0
1129200 0.0
1129800 0.0
1130400 0.0
1131000 0.0
1131600 0.0
1132200 0.0
1132800 0.0
1133400 0.0
1134000 0.0
1134600 0.0
1135200 0.0
1135800 0.0
1136400 0.0
1137000 0.0
1137600 0.0
1138200 0.0
1138800 0.0
1139400 0.0
1140000 0.0
1140600 0.0
1141200 0.0
1141800 0.0
1142400 0.0
1143000 0.0
1143600 0.0
1144200 0.0
1144800 0.0
1145400 5.517716056949283
1146000 11.158951821018169
1146600 16.77529906407667
1147200 22.356066749935355
1147800 27.890631570113996
1148400 33.368458165913395
1149000 38.779119183069064
1149600 44.112315120812994
1150200 49.35789393755865
1150800 54.505870375889195
1151400 59.54644497006233
1152000 64.47002269985055
1152600 69.26723125520735
1153200 73.9289388769921
1153800 78.44627173979256
1154400 82.810630843756
1155000 87.0137083832741
1155600 91.04750356136302
1156200 94.90433781963534
1156800 98.57686945487237
1157400 102.05810759437331
1158000 105.34142550347903
1158600 108.42057319993795
1159200 111.2896893511025
1159800 113.94331243130907
1160400 116.37639111820245
1161000 118.58429390821493
1161600 120.5628179328967
1162200 122.30819695931493
1162800 123.81710855929191
1163400 125.08668043383614
1164000 126.11449588072674
1164600 126.89859839484325
1165200 127.43749539248466
1165800 127.730161052587
1166400 127.77603826943229
1167000 127.57503971313072
1167600 127.12754799585824
1168200 126.43441494353243
1168800 125.49695997431357
1169400 124.31696758701692
1170000 122.8966839642182
1170600 121.23881269651693
1171200 119.34650963609847
1171800 117.22337688938987
1172400 114.8734559602454
1173000 112.30122005671441
1173600 109.51156557603571
1174200 106.50980278406684
1174800 103.30164570689126
1175400 99.89320125384526
1176000 96.29095759266843
1176600 92.50177179890794
1177200 88.53285680308555
1177800 84.3917676604741
1178400 80.08638716962074
1179000 75.62491086699161
1179600 71.0158314263025
1180200 66.26792249223169
1180800 61.39022197928874
1181400 56.39201486763032
1182000 51.28281552857319
1182600 46.0723496134469
1183200 40.770535540264525
1183800 35.38746561344989
1184400 29.933386812562187
1185000 24.41868128658855
1185600 18.85384659093321
1186200 13.24947570472358
1186800 7.616236866473354
1187400 1.964853266483538
1188000 0.0
1188600 0.0
1189200 0.0
1189800 0.0
1190400 0.0
1191000 0.0
1191600 0.0
1192200 0.0
1192800 0.0
1193400 0.0
1194000 0.0
1194600 0.0
1195200 0.0
1195800 0.0
1196400 0.0
1197000 0.0
1197600 0.0
1198200 0.0
1198800 0.0
1199400 0.0
1200000 0.0
1200600 0.0
1201200 0.0
1201800 0.0
1202400 0.0
1203000 0.0
1203600 0.0
1204200 0.0
1204800 0.0
1205400 0.0
1206000 0.0
1206600 0.0
1207200 0.0
1207800 0.0
1208400 0.0
1209000 0.0
1209600 0.0
1210200 0.0
1210800 0.0
1211400 0.0
1212000 0.0
1212600 0.0
1213200 0.0
1213800 0.0
1214400 0.0
1215000 0.0
1215600 0.0
1216200 0.0
1216800 0.0
1217400 0.0
1218000 0.0
1218600 0.0
1219200 0.0
1219800 0.0
1220400 0.0
1221000 0.0
1221600 0.0
1222200 0.0
1222800 0.0
1223400 0.0
1224000 0.0
1224600 0.0
1225200 0.0
1225800 0.0
1226400 0.0
1227000 0.0
1227600 0.0
1228200 0.0
1228800 0.0
1229400 0.0
1230000 0.0
1230600 0.0
1231200 0.0
1231800 4.572004106229595
1232400 10.138943691167672
1233000 15.680931301687274
1233600 21.18741744938582
1234200 26.647920224912895
1234800 32.052045250880624
1235400 37.38950546815172
1236000 42.65014071784111
1236600 47.82393708175617
1237200 52.901045944458765
1237800 57.87180274066467
1238400 62.72674535229309
1239000 67.45663212014577
1239600 72.05245943593104
1240200 76.50547888114345
1240800 80.80721388017594
1241400 84.94947583596336
1242000 88.92437971744195
1242600 92.72435906915459
1243200 96.34218041442863
1243800 99.77095702470974
1244400 103.00416202884139
1245000 106.03564083733482
1245600 108.85962285798013
1246200 111.47073248049627
1246800 113.86399930931111
1247400 116.03486762499158
1248000 117.97920505631461
1248600 119.69331044647095
1249200 121.17392089842687
1249800 122.41821798603473
1250400 123.42383311906713
1251000 124.18885205196277
1251600 124.71181852770216
1252200 124.99173704987523
1252800 125.02807477766547
1253400 124.82076254014277
1254000 124.37019496793405
1254600 123.67722974202168
1255200 122.74318596109867
1255800 121.56984163058965
1256400 120.15943027811625
1257000 118.51463670185045
1257600 116.63859185984859
1258200 114.53486691009489
1258800 112.2074664125991
1259400 109.66082070648899
1260000 106.89977747660805
1260600 103.92959252567175
1261200 100.75591976954848
1261800 97.38480047470935
1262400 93.82265175833393
1263000 90.0762543729631
1263600 86.15273979895132
1264200 82.05957666928813
1264800 77.80455655263103
1265400 73.3957791216117
1266000 68.84163673464853
1266600 64.15079846061559
1267200 59.332193576777456
1267800 54.394994571401995
1268400 49.34859968340814
1269000 44.20261501228332
1269600 38.96683623232778
1270200 33.651229946031435
1270800 28.265914712079383
1271400 22.8211417841009
1272000 17.327275596825128
1272600 11.794774036790253
1273200 6.23416853516276
1273800 0.6560440205592724
1274400 0.0
1275000 0.0
1275600 0.0
1276200 0.0
1276800 0.0
1277400 0.0
1278000 0.0
1278600 0.0
1279200 0.0
1279800 0.0
1280400 0.0
1281000 0.0
1281600 0.0
1282200 0.0
1282800 0.0
1283400 0.0
1284000 0.0
1284600 0.0
1285200 0.0
1285800 0.0
1286400 0.0
1287000 0.0
1287600 0.0
1288200 0.0
1288800 0.0
1289400 0.0
1290000 0.0
1290600 0.0
1291200 0.0
1291800 0.0
1292400 0.0
1293000 0.0
1293600 0.0
1294200 0.0
1294800 0.0
1295400 0.0
1296000 0.0
1296600 0.0
1297200 0.0
1297800 0.0
1298400 0.0
1299000 0.0
1299600 0.0
1300200 0.0
1300800 0.0
1301400 0.0
1302000 0.0
1302600 0.0
1303200 0.0
1303800 0.0
1304400 0.0
1305000 0.0
1305600 0.0
1306200 0.0
1306800 0.0
1307400 0.0
1308000 0.0
1308600 0.0
1309200 0.0
1309800 0.0
1310400 0.0
1311000 0.0
1311600 0.0
1312200 0.0
1312800 0.0
1313400 0.0
1314000 0.0
1314600 0.0
1315200 0.0
1315800 0.0
1316400 0.0
1317000 0.0
1317600 0.0
1318200 3.648179508900382
1318800 9.14069669051804
1319400 14.608212567663168
1320000 20.04031941311039
1320600 25.426676902738517
1321200 30.757031798925553
1321800 36.02123746816903
1322400 41.20927319577967
1323000 46.31126326088127
1323600 51.31749573540679
1324200 56.21844097130523
1324800 61.00476974076865
1325400 65.66737099494716
1326000 70.19736920734857
1326600 74.58614126890718
1327200 78.82533290256242
1327800 82.90687456609973
1328400 86.82299681298284
1329000 90.566245081937
1329600 94.12949388712995
1330200 97.50596038193918
1330800 100.68921727048595
1331400 103.6732050423585
1332000 106.45224350723427
1332600 109.02104260744508
1333200 111.3747124879028
1333800 113.50877280421605
1334400 115.41916125128063
1335000 117.10224129610832
1335600 118.55480910017361
1336200 119.774099618103
1336800 120.75779186109563
1337400 121.50401331505756
1338000 122.01134350503877
1338600 122.27881669918776
1339200 122.30592374707737
1339800 122.09261304890126
1340400 121.6392906536972
1341000 120.94681948640957
1341600 120.01651770526288
1342200 118.85015619257237
1342800 117.44995518376912
1343400 115.81858004105561
1344000 113.9591361797373
1344600 111.87516315688808
1345200 109.57062793360227
1345800 107.04991732365855
1346400 104.31782964297079
1347000 101.37956557572096
1347600 98.24071827456098
1348200 94.90726271372908
1348800 91.38554431534655
1349400 87.68226687054603
1350000 83.80447977842431
1350600 79.75956462711022
1351200 75.55522114249217
1351800 71.19945253135253
1352400 66.70055024680823
1353000 62.06707820505873
1353600 57.30785648348495
1354200 52.431944531130284
1354800 47.448623923524906
1355400 42.367380694678644
1356000 37.19788727987664
1356600 31.949984103648895
1357200 26.633660847962517
1357800 21.259037436294822
1358400 15.836344769783627
1359000 10.375905252125186
1359600 4.888113140292479
1360200 0.0
1360800 0.0
1361400 0.0
1362000 0.0
1362600 0.0
1363200 0.0
1363800 0.0
1364400 0.0
1365000 0.0
1365600 0.0
1366200 0.0
1366800 0.0
1367400 0.0
1368000 0.0
1368600 0.0
1369200 0.0
1369800 0.0
1370400 0.0
1371000 0.0
1371600 0.0
1372200 0.0
1372800 0.0
1373400 0.0
1374000 0.0
1374600 0.0
1375200 0.0
1375800 0.0
1376400 0.0
1377000 0.0
1377600 0.0
1378200 0.0
1378800 0.0
1379400 0.0
1380000 0.0
1380600 0.0
1381200 0.0
1381800 0.0
1382400 0.0
1383000 0.0
1383600 0.0
1384200 0.0
1384800 0.0
1385400 0.0
1386000 0.0
1386600 0.0
1387200 0.0
1387800 0.0
1388400 0.0
1389000 0.0
1389600 0.0
1390200 0.0
1390800 0.0
1391400 0.0
1392000 0.0
1392600 0.0
1393200 0.0
1393800 0.0
1394400 0.0
1395000 0.0
1395600 0.0
1396200 0.0
1396800 0.0
1397400 0.0
1398000 0.0
1398600 0.0
1399200 0.0
1399800 0.0
1400400 0.0
1401000 0.0
1401600 0.0
1402200 0.0
1402800 0.0
1403400 0.0
1404000 0.0
1404600 2.7463557335749824
1405200 8.164362914783808
1405800 13.557333733539654
1406400 18.915002363372434
1407000 24.227170177535335
1407600 29.48372516267021
1408200 34.674661167599815
1408800 39.79009695060524
1409400 44.82029498893119
1410000 49.75568001471394
1410600 54.5868572420479
1411200 59.30463025049478
1411800 63.90001849099226
1412400 68.36427438083976
1413000 72.68889995521921
1413600 76.86566304355419
1414200 80.88661293991436
1414800 84.74409553763604
1415400 88.4307678993496
1416000 91.93961223467774
1416600 95.26394925899844
1417200 98.397450907843
1417800 101.33415238272623
1418400 104.06846350547943
1419000 106.5951793594725
1419600 108.90949019746807
1420200 111.00699059724926
1420800 112.88368784759092
1421400 114.53600954861261
1422000 115.96081041204451
1422600 117.15537824846272
1423200 118.11743913009585
1423800 118.84516171937574
1424400 119.33716075499262
1425000 119.59249968881878
1425600 119.61069246868124
1426200 119.39170446358945
1426800 118.93595252965761
1427400 118.24430421659517
1428000 117.31807611627683
1428600 116.15903135653485
1429200 114.76937624494516
1429800 113.15175606899565
1430400 111.3092500606306
1431000 109.24536553475818
1431600 106.96403121287696
1432200 104.46958974453116
1432800 101.7667894408306
1433400 98.86077523577052
1434000 95.75707889255715
1434600 92.46160847358254
1435200 88.98063709409146
1435800 85.32079098095019
1436400 81.48903685924722
1437000 77.49266869073584
1437600 73.33929378936352
1438200 69.03681834031747
1438800 64.59343235015163
1439400 60.017594056643816
1440000 55.31801382805939
1440600 50.50363758247009
1441200 45.58362975869084
1441800 40.56735587124892
1442400 35.464364682595544
1443000 30.28437002649347
1443600 25.037232317182088
1444200 19.73293977951893
1444800 14.381589435825829
1445400 8.993367885632665
1446000 3.578531914906842
1446600 0.0
1447200 0.0
1447800 0.0
1448400 0.0
1449000 0.0
1449600 0.0
1450200 0.0
1450800 0.0
1451400 0.0
1452000 0.0
1452600 0.0
1453200 0.0
1453800 0.0
1454400 0.0
1455000 0.0
1455600 0.0
1456200 0.0
1456800 0.0
1457400 0.0
1458000 0.0
1458600 0.0
1459200 0.0
1459800 0.0
1460400 0.0
1461000 0.0
1461600 0.0
1462200 0.0
1462800 0.0
1463400 0.0
1464000 0.0
1464600 0.0
1465200 0.0
1465800 0.0
1466400 0.0
1467000 0.0
1467600 0.0
1468200 0.0
1468800 0.0
1469400 0.0
1470000 0.0
1470600 0.0
1471200 0.0
1471800 0.0
1472400 0.0
1473000 0.0
1473600 0.0
1474200 0.0
1474800 0.0
1475400 0.0
1476000 0.0
1476600 0.0
1477200 0.0
1477800 0.0
1478400 0.0
1479000 0.0
1479600 0.0
1480200 0.0
1480800 0.0
1481400 0.0
1482000 0.0
1482600 0.0
1483200 0.0
1483800 0.0
1484400 0.0
1485000 0.0
1485600 0.0
1486200 0.0
1486800 0.0
1487400 0.0
1488000 0.0
1488600 0.0
1489200 0.0
1489800 0.0
1490400 0.0
1491000 1.8666258323351737
1491600 7.2100741964628945
1492200 12.528465523976296
1492800 17.81167595470592
1493400 23.049648597318672
1494000 28.23241267318255
1494600 33.3501024963101
1495200 38.39297625325246
1495800 43.351434547195126
1496400 48.2160386709552
1497000 52.97752857409712
1497600 57.626840489964835
1498200 62.1551241890769
1498800 66.55375982604123
1499400 70.8143743479207
1500000 74.92885743281548
1500600 78.88937692832154
1501200 82.68839376047791
1501800 86.31867628482263
1502400 89.77331405223887
1503000 93.0457309633875
1503600 96.12969778668618
1504200 99.01934401600553
1504800 101.70916904551132
1505400 104.19405264038014
1506000 106.4692646834577
1506600 108.53047417930534
1507200 110.37375749849626
1507800 111.995605846467
1508400 113.39293194270732
1509000 114.56307589757428
1509600 115.50381027554312
1510200 116.21334433525749
1510800 116.69032743830752
1511400 116.93385162024653
1512000 116.94345331895326
1512600 116.71911425704842
1513200 116.26126147668703
1513800 115.57076652665907
1514400 114.64894380334718
1515000 113.49754804869809
1515600 112.11877100997185
1516200 110.51523726762628
1516800 108.68999923927876
1517400 106.64653136925604
1518000 104.38872351479186
1518600 101.92087354146253
1519200 99.24767914195579
1519800 96.37422889374545
1520400 93.30599257269525
1521000 90.04881074102948
1521600 86.60888362949085
1522200 82.99275933484876
1522800 79.20732135522525
1523400 75.25977548696468
1524000 71.15763610799111
1524600 66.90871187376284
1525200 62.52109085305277
1525800 58.00312513184983
1526400 53.36341491468887
1527000 48.61079215367195
1527600 43.7543037363463
1528200 38.803194264438844
1528800 33.76688845623211
1529400 28.654973206077067
1530000 23.47717933519443
1530600 18.243363068504053
1531200 12.963487272740394
1531800 7.6476024915690255
1532400 2.3058278138061246
1533000 0.0
1533600 0.0
1534200 0.0
1534800 0.0
1535400 0.0
1536000 0.0
1536600 0.0
1537200 0.0
1537800 0.0
1538400 0.0
1539000 0.0
1539600 0.0
1540200 0.0
1540800 0.0
1541400 0.0
1542000 0.0
1542600 0.0
1543200 0.0
1543800 0.0
1544400 0.0
1545000 0.0
1545600 0.0
1546200 0.0
1546800 0.0
1547400 0.0
1548000 0.0
1548600 0.0
1549200 0.0
1549800 0.0
1550400 0.0
1551000 0.0
1551600 0.0
1552200 0.0
1552800 0.0
1553400 0.0
1554000 0.0
1554600 0.0
1555200 0.0
1555800 0.0
1556400 0.0
1557000 0.0
1557600 0.0
1558200 0.0
1558800 0.0
1559400 0.0
1560000 0.0
1560600 0.0
1561200 0.0
1561800 0.0
1562400 0.0
1563000 0.0
1563600 0.0
1564200 0.0
1564800 0.0
1565400 0.0
1566000 0.0
1566600 0.0
1567200 0.0
1567800 0.0
1568400 0.0
1569000 0.0
1569600 0.0
1570200 0.0
1570800 0.0
1571400 0.0
1572000 0.0
1572600 0.0
1573200 0.0
1573800 0.0
1574400 0.0
1575000 0.0
1575600 0.0
1576200 0.0
1576800 0.0
1577400 1.0090624997162378
1578000 6.277942101806396
1578600 11.52175845180675
1579200 16.73052964725604
1579800 21.894340496136522
1580400 27.003361391005562
1581000 32.04786702021195
1581600 37.018254880579576
1582200 41.905063556317835
1582800 46.69899072936444
1583400 51.390910886876426
1584000 55.97189269216274
1584600 60.43321598599098
1585200 64.76638838590635
1585800 68.96316145196411
1586400 73.01554638810408
1587000 76.91582924927789
1587600 80.65658562538158
1588200 84.23069477404259
1588800 87.63135317535743
1589400 90.85208748277827
1590000 93.8867668454965
1590600 96.72961457886524
1591200 99.37521916064705
1591800 101.81854453215425
1592400 104.05493968467263
1593000 106.08014751292097
1593600 107.89031291869291
1594200 109.4819901492555
1594800 110.85214935653532
1595400 111.99818236460655
1596000 112.91790763450214
1596600 113.60957441689698
1597200 114.07186608475908
1597800 114.30390263962367
1598400 114.30524238672052
1599000 114.07588277576487
1599600 113.61626040581208
1600200 112.92725019416665
1600800 112.0101637109272
1601400 110.86674668233834
1602000 109.49917566770159
1602600 107.91005391617098
1603200 106.10240641132026
1603800 104.07967411291499
1604400 101.84570740684966
1605000 99.40475877571967
1605600 96.76147470397889
1606200 93.92088683309225
1606800 90.88840238352044
1607400 87.66979386176844
1608000 84.27118807209109
1608600 80.69905445377314
1609200 76.96019276618398
1609800 73.06172014504887
1610400 69.01105755457675
1611000 64.81591566123336
1611600 60.48428015604886
1612200 56.02439655340143
1612800 51.444754495211996
1613400 46.754071590428055
1614000 41.96127682056001
1614600 37.07549354285677
1615200 32.10602212347726
1615800 27.0623222337147
1616400 21.953994842974225
1617000 16.790763942782526
1617600 11.582458036617119
1618200 6.338991430790888
1618800 1.0703453620073426
1619400 0.0
1620000 0.0
1620600 0.0
1621200 0.0
1621800 0.0
1622400 0.0
1623000 0.0
1623600 0.0
1624200 0.0
1624800 0.0
1625400 0.0
1626000 0.0
1626600 0.0
1627200 0.0
1627800 0.0
1628400 0.0
1629000 0.0
1629600 0.0
1630200 0.0
1630800 0.0
1631400 0.0
1632000 0.0
1632600 0.0
1633200 0.0
1633800 0.0
1634400 0.0
1635000 0.0
1635600 0.0
1636200 0.0
1636800 0.0
1637400 0.0
1638000 0.0
1638600 0.0
1639200 0.0
1639800 0.0
1640400 0.0
1641000 0.0
1641600 0.0
1642200 0.0
1642800 0.0
1643400 0.0
1644000 0.0
1644600 0.0
1645200 0.0
1645800 0.0
1646400 0.0
1647000 0.0
1647600 0.0
1648200 0.0
1648800 0.0
1649400 0.0
1650000 0.0
1650600 0.0
1651200 0.0
1651800 0.0
1652400 0.0
1653000 0.0
1653600 0.0
1654200 0.0
1654800 0.0
1655400 0.0
1656000 0.0
1656600 0.0
1657200 0.0
1657800 0.0
1658400 0.0
1659000 0.0
1659600 0.0
1660200 0.0
1660800 0.0
1661400 0.0
1662000 0.0
1662600 0.0
1663200 0.0
1663800 0.173718141711746
1664400 5.368057937849115
1665000 10.537342763315447
1665600 15.671732590642524
1666200 20.761453816974388
1666800 25.7968178686759
1667400 30.768239644083213
1668000 35.666255759289726
1668600 40.48154256223509
1669200 45.20493388080693
1669800 49.82743847117024
1670400 54.3402571331114
1671000 58.73479945981545
1671600 63.00270019019415
1672200 67.1358351326355
1672800 71.12633662986458
1673400 74.96660853547618
1674000 78.64934067363112
1674600 82.1675227543916
1675200 85.51445771820659
1675800 88.683774484145
1676400 91.66944007761074
1677000 94.46577111445255
1677600 97.06744461960862
1678200 99.46950815969254
1678800 101.66738927023133
1679400 103.65690415961171
1680000 105.4342656731651
1680600 106.99609050223188
1681200 108.33940562448149
1681800 109.46165396322976
1682400 110.36069925497945
1683000 111.03483011591932
1683600 111.48276329964047
1684200 111.70364613986884
1684800 111.69705817356387
1685400 111.4630119412939
1686000 111.00195296336432
1686600 110.31475889174457
1687200 109.40273783940745
1687800 108.26762589026205
1688400 106.91158379441906
1689000 105.33719285508033
1689600 103.54745001488143
1690200 101.54576215104102
1690800 99.3359395901764
1691400 96.92218885513023
1692000 94.30910465761539
1692600 91.50166115191982
1693200 88.50520246632124
1693800 85.32543253023529
1694400 81.96840421646161
1695000 78.44050781919645
1695600 74.7484588897446
1696200 70.89928545308558
1696800 66.90031462962872
1697400 62.75915868762323
1698000 58.48370055277259
1698600 54.0820788026376
1699200 49.562672174391494
1699800 44.93408361541743
1700400 40.205123907109275
1701000 35.384794893048095
1701600 30.482272343481846
1702200 25.506888488724933
1702800 20.468114254726956
1703400 15.375541234627672
1704000 10.238863430613904
1704600 5.067858800834998
1705200 0.0
1705800 0.0
1706400 0.0
1707000 0.0
1707600 0.0
1708200 0.0
1708800 0.0
1709400 0.0
1710000 0.0
1710600 0.0
1711200 0.0
1711800 0.0
1712400 0.0
1713000 0.0
1713600 0.0
1714200 0.0
1714800 0.0
1715400 0.0
1716000 0.0
1716600 0.0
1717200 0.0
1717800 0.0
1718400 0.0
1719000 0.0
1719600 0.0
1720200 0.0
1720800 0.0
1721400 0.0
1722000 0.0
1722600 0.0
1723200 0.0
1723800 0.0
1724400 0.0
1725000 0.0
1725600 0.0
1726200 0.0
1726800 0.0
1727400 0.0
1728000 0.0
1728600 0.0
1729200 0.0
1729800 0.0
1730400 0.0
1731000 0.0
1731600 0.0
1732200 0.0
1732800 0.0
1733400 0.0
1734000 0.0
1734600 0.0
1735200 0.0
1735800 0.0
1736400 0.0
1737000 0.0
1737600 0.0
1738200 0.0
1738800 0.0
1739400 0.0
1740000 0.0
1740600 0.0
1741200 0.0
1741800 0.0
1742400 0.0
1743000 0.0
1743600 0.0
1744200 0.0
1744800 0.0
1745400 0.0
1746000 0.0
1746600 0.0
1747200 0.0
1747800 0.0
1748400 0.0
1749000 0.0
1749600 0.0
1750200 0.0
1750800 4.4804927703345
1751400 9.575328394779188
1752000 14.635433519580861
1752600 19.651175947036876
1753200 24.613007926360496
1753800 29.511484328366915
1754400 34.33728062481369
1755000 39.08121063817027
1755600 43.73424402802884
1756200 48.28752348087068
1756800 52.73238157046581
1757400 57.06035725681146
1758000 61.2632119922027
1758600 65.33294540377594
1759200 69.26181052267377
1759800 73.04232853084034
1760400 76.66730299737638
1761000 80.12983357735486
1761600 83.4233291470194
1762200 86.54152035036307
1762800 89.4784715332039
1763400 92.22859204203999
1764000 94.78664686617608
1764600 97.14776660286418
1765200 99.30745672648818
1765800 101.261606144149
1766400 103.00649502136355
1767000 104.53880186298102
1767600 105.85560983583778
1768200 106.95441232111503
1768800 107.83311768583022
1769400 108.49005326437918
1770000 108.92396854255045
1770600 109.13403753794988
1771200 109.11986037230517
1771800 108.88146403265695
1772400 108.41930231998721
1773000 107.73425498538363
1773600 106.82762605538318
1774200 105.7011413496835
1774800 104.35694519594713
1775400 102.79759634795182
1776000 101.02606311485728
1776600 99.04571771086013
1777200 96.86032983599233
1777800 94.47405950028298
1778400 91.89144910494292
1779000 89.11741479564563
1779600 86.1572371043646
1780200 83.01655089758074
1780800 79.70133464999363
1781400 76.217899064155
1782000 72.57287505768821
1782600 68.77320114095907
1783200 64.82611020922741
1783800 60.73911577441986
1784400 56.51999766273258
1785000 52.176787205290125
1785600 47.7177519500503
1786200 43.15137992405633
1786800 38.486363475995475
1787400 33.73158272981861
1788000 28.896088680920265
1788600 23.98908596705414
1789200 19.019915346781683
1789800 13.998035918807837
1790400 8.933007116048872
1791000 3.834470508707979
1791600 0.0
1792200 0.0
1792800 0.0
1793400 0.0
1794000 0.0
1794600 0.0
1795200 0.0
1795800 0.0
1796400 0.0
1797000 0.0
1797600 0.0
1798200 0.0
1798800 0.0
1799400 0.0
1800000 0.0
1800600 0.0
1801200 0.0
1801800 0.0
1802400 0.0
1803000 0.0
1803600 0.0
1804200 0.0
1804800 0.0
1805400 0.0
1806000 0.0
1806600 0.0
1807200 0.0
1807800 0.0
1808400 0.0
1809000 0.0
1809600 0.0
1810200 0.0
1810800 0.0
1811400 0.0
1812000 0.0
1812600 0.0
1813200 0.0
1813800 0.0
1814400 0.0
1815000 0.0
1815600 0.0
1816200 0.0
1816800 0.0
1817400 0.0
1818000 0.0
1818600 0.0
1819200 0.0
1819800 0.0
1820400 0.0
1821000 0.0
1821600 0.0
1822200 0.0
1822800 0.0
1823400 0.0
1824000 0.0
1824600 0.0
1825200 0.0
1825800 0.0
1826400 0.0
1827000 0.0
1827600 0.0
1828200 0.0
1828800 0.0
1829400 0.0
1830000 0.0
1830600 0.0
1831200 0.0
1831800 0.0
1832400 0.0
1833000 0.0
1833600 0.0
1834200 0.0
1834800 0.0
1835400 0.0
1836000 0.0
1836600 0.0
1837200 3.61529745342906
1837800 8.635804941366487
1838400 13.621760662552822
1839000 18.563673566889605
1839600 23.452136442283468
1840200 28.27784382180905
1840800 33.031609697194085
1841400 37.704385004908474
1842000 42.28727485157075
1842600 46.771555445883315
1843200 51.148690704865146
1843800 55.41034850277059
1844400 59.54841653176459
1845000 63.55501774416149
1845600 67.4225253468332
1846200 71.14357731924328
1846800 74.71109042747145
1847400 78.118273707552
1848000 81.35864139245976
1848600 84.42602525813591
1849200 87.31458636505347
1849800 90.01882617297045
1850400 92.5335970077134
1851000 94.85411186006819
1851600 96.97595349812399
1852200 98.89508287572508
1852800 100.60784682102505
1853400 102.11098499050689
1854000 103.40163607523218
1854600 104.47734324750537
1855200 105.33605883758482
1855800 105.97614823153857
1856400 106.39639298282499
1857000 106.59599313167482
1857600 106.5745687278602
1858200 106.33216055395147
1858800 105.86923004768528
1859400 105.18665842359152
1860000 104.28574499555148
1860600 103.16820470348003
1861200 101.83616484883996
1861800 100.29216104520277
1862400 98.5391323915641
1863000 96.58041587760187
1863600 94.41974003152649
1864200 92.06121782261576
1864800 89.509338831944
1865400 86.7689607062093
1866000 83.84529991092685
1866600 80.74392180059056
1867200 77.47073002470421
1867800 74.03195528984924
1868400 70.43414349918069
1869000 66.68414329192831
1869600 62.78909300662266
1870200 58.75640709286208
1870800 54.59376199748624
1871400 50.30908155202344
1872000 45.91052188922704
1872600 41.40645591741283
1873200 36.805457382152696
1873800 32.116284545662
1874400 27.347863514950205
1875000 22.50927125046877
1875600 17.60971828760048
1876200 12.658531203882688
1876800 7.665134865336418
1877400 2.639034485697924
1878000 0.0
1878600 0.0
1879200 0.0
1879800 0.0
1880400 0.0
1881000 0.0
1881600 0.0
1882200 0.0
1882800 0.0
1883400 0.0
1884000 0.0
1884600 0.0
1885200 0.0
1885800 0.0
1886400 0.0
1887000 0.0
1887600 0.0
1888200 0.0
1888800 0.0
1889400 0.0
1890000 0.0
1890600 0.0
1891200 0.0
1891800 0.0
1892400 0.0
1893000 0.0
1893600 0.0
1894200 0.0
1894800 0.0
1895400 0.0
1896000 0.0
1896600 0.0
1897200 0.0
1897800 0.0
1898400 0.0
1899000 0.0
1899600 0.0
1900200 0.0
1900800 0.0
