# campaign: 2024-09-08 00:00:00 2024-09-30 00:00:00
# time[s] temperature 2m [˚C]
0 20.1540161133
600 19.9626098633
1200 19.7712036133
1800 19.5797973633
2400 19.3883911133
3000 19.1969848633
3600 19.0055786133
4200 18.8595520020
4800 18.7135253906
5400 18.5674987793
6000 18.4214721680
6600 18.2754455566
7200 18.1294189453
7800 18.0517720540
8400 17.9741251628
9000 17.8964782715
9600 17.8188313802
10200 17.7411844889
10800 17.6635375977
11400 17.5908752441
12000 17.5182128906
12600 17.4455505371
13200 17.3728881836
13800 17.3002258301
14400 17.2275634766
15000 17.2338500977
15600 17.2401367188
16200 17.2464233398
16800 17.2527099609
17400 17.2589965820
18000 17.2652832031
18600 17.7373596191
19200 18.2094360352
19800 18.6815124512
20400 19.1535888672
21000 19.6256652832
21600 20.0977416992
22200 20.5065144857
22800 20.9152872721
23400 21.3240600586
24000 21.7328328451
24600 22.1416056315
25200 22.5503784180
25800 22.8970987956
26400 23.2438191732
27000 23.5905395508
27600 23.9372599284
28200 24.2839803060
28800 24.6307006836
29400 24.9175354004
30000 25.2043701172
30600 25.4912048340
31200 25.7780395508
31800 26.0648742676
32400 26.3517089844
33000 26.6302073161
33600 26.9087056478
34200 27.1872039795
34800 27.4657023112
35400 27.7442006429
36000 28.0226989746
36600 28.2363983154
37200 28.4500976563
37800 28.6637969971
38400 28.8774963379
39000 29.0911956787
39600 29.3048950195
40200 29.4637288411
40800 29.6225626628
41400 29.7813964844
42000 29.9402303060
42600 30.0990641276
43200 30.2578979492
43800 30.3766215007
44400 30.4953450521
45000 30.6140686035
45600 30.7327921549
46200 30.8515157064
46800 30.9702392578
47400 30.9360900879
48000 30.9019409180
48600 30.8677917480
49200 30.8336425781
49800 30.7994934082
50400 30.7653442383
51000 30.6403747559
51600 30.5154052734
52200 30.3904357910
52800 30.2654663086
53400 30.1404968262
54000 30.0155273438
54600 29.8681986491
55200 29.7208699544
55800 29.5735412598
56400 29.4262125651
57000 29.2788838704
57600 29.1315551758
58200 28.8965901693
58800 28.6616251628
59400 28.4266601563
60000 28.1916951497
60600 27.9567301432
61200 27.7217651367
61800 27.4386027018
62400 27.1554402669
63000 26.8722778320
63600 26.5891153971
64200 26.3059529622
64800 26.0227905273
65400 25.8738138835
66000 25.7248372396
66600 25.5758605957
67200 25.4268839518
67800 25.2779073079
68400 25.1289306641
69000 25.0489796956
69600 24.9690287272
70200 24.8890777588
70800 24.8091267904
71400 24.7291758219
72000 24.6492248535
72600 24.6091298421
73200 24.5690348307
73800 24.5289398193
74400 24.4888448079
75000 24.4487497965
75600 24.4086547852
76200 24.3141621908
76800 24.2196695964
77400 24.1251770020
78000 24.0306844076
78600 23.9361918132
79200 23.8416992188
79800 23.7344401042
80400 23.6271809896
81000 23.5199218750
81600 23.4126627604
82200 23.3054036458
82800 23.1981445313
83400 23.1012512207
84000 23.0043579102
84600 22.9074645996
85200 22.8105712891
85800 22.7136779785
86400 22.6167846680
87000 22.4032124837
87600 22.1896402995
88200 21.9760681152
88800 21.7624959310
89400 21.5489237467
90000 21.3353515625
90600 21.0813944499
91200 20.8274373372
91800 20.5734802246
92400 20.3195231120
93000 20.0655659993
93600 19.8116088867
94200 19.6721232096
94800 19.5326375326
95400 19.3931518555
96000 19.2536661784
96600 19.1141805013
97200 18.9746948242
97800 18.8945760091
98400 18.8144571940
99000 18.7343383789
99600 18.6542195638
100200 18.5741007487
100800 18.4939819336
101400 18.3677307129
102000 18.2414794922
102600 18.1152282715
103200 17.9889770508
103800 17.8627258301
104400 17.7364746094
105000 17.5235738118
105600 17.3106730143
106200 17.0977722168
106800 16.8848714193
107400 16.6719706217
108000 16.4590698242
108600 16.3287089030
109200 16.1983479818
109800 16.0679870605
110400 15.9376261393
111000 15.8072652181
111600 15.6769042969
112200 15.6043843587
112800 15.5318644206
113400 15.4593444824
114000 15.3868245443
114600 15.3143046061
115200 15.2417846680
115800 15.2588948568
116400 15.2760050456
117000 15.2931152344
117600 15.3102254232
118200 15.3273356120
118800 15.3444458008
119400 15.5159113566
120000 15.6873769124
120600 15.8588424683
121200 16.0303080241
121800 16.2017735799
122400 16.3732391357
123000 16.6599950155
123600 16.9467508952
124200 17.2335067749
124800 17.5202626546
125400 17.8070185343
126000 18.0937744141
126600 18.3209930420
127200 18.5482116699
127800 18.7754302979
128400 19.0026489258
129000 19.2298675537
129600 19.4570861816
130200 19.5716288249
130800 19.6861714681
131400 19.8007141113
132000 19.9152567546
132600 20.0297993978
133200 20.1443420410
133800 20.1556589762
134400 20.1669759115
135000 20.1782928467
135600 20.1896097819
136200 20.2009267171
136800 20.2122436523
137400 20.1833231608
138000 20.1544026693
138600 20.1254821777
139200 20.0965616862
139800 20.0676411947
140400 20.0387207031
141000 20.0040018717
141600 19.9692830404
142200 19.9345642090
142800 19.8998453776
143400 19.8651265462
144000 19.8304077148
144600 19.7173502604
145200 19.6042928060
145800 19.4912353516
146400 19.3781778971
147000 19.2651204427
147600 19.1520629883
148200 19.0064839681
148800 18.8609049479
149400 18.7153259277
150000 18.5697469076
150600 18.4241678874
151200 18.2785888672
151800 18.1870056152
152400 18.0954223633
153000 18.0038391113
153600 17.9122558594
154200 17.8206726074
154800 17.7290893555
155400 17.6348815918
156000 17.5406738281
156600 17.4464660645
157200 17.3522583008
157800 17.2580505371
158400 17.1638427734
159000 17.0617919922
159600 16.9597412109
160200 16.8576904297
160800 16.7556396484
161400 16.6535888672
162000 16.5515380859
162600 16.4802541097
163200 16.4089701335
163800 16.3376861572
164400 16.2664021810
165000 16.1951182048
165600 16.1238342285
166200 16.0978230794
166800 16.0718119303
167400 16.0458007813
168000 16.0197896322
168600 15.9937784831
169200 15.9677673340
169800 15.9202972412
170400 15.8728271484
171000 15.8253570557
171600 15.7778869629
172200 15.7304168701
172800 15.6829467773
173400 15.7110738118
174000 15.7392008464
174600 15.7673278809
175200 15.7954549154
175800 15.8235819499
176400 15.8517089844
177000 15.8918090820
177600 15.9319091797
178200 15.9720092773
178800 16.0121093750
179400 16.0522094727
180000 16.0923095703
180600 16.0609171549
181200 16.0295247396
181800 15.9981323242
182400 15.9667399089
183000 15.9353474935
183600 15.9039550781
184200 15.8573089600
184800 15.8106628418
185400 15.7640167236
186000 15.7173706055
186600 15.6707244873
187200 15.6240783691
187800 15.6825602214
188400 15.7410420736
189000 15.7995239258
189600 15.8580057780
190200 15.9164876302
190800 15.9749694824
191400 16.0429473877
192000 16.1109252930
192600 16.1789031982
193200 16.2468811035
193800 16.3148590088
194400 16.3828369141
195000 16.5005889893
195600 16.6183410645
196200 16.7360931396
196800 16.8538452148
197400 16.9715972900
198000 17.0893493652
198600 17.1690663656
199200 17.2487833659
199800 17.3285003662
200400 17.4082173665
201000 17.4879343669
201600 17.5676513672
202200 17.6443318685
202800 17.7210123698
203400 17.7976928711
204000 17.8743733724
204600 17.9510538737
205200 18.0277343750
205800 18.0529520671
206400 18.0781697591
207000 18.1033874512
207600 18.1286051432
208200 18.1538228353
208800 18.1790405273
209400 18.3311604818
210000 18.4832804362
210600 18.6354003906
211200 18.7875203451
211800 18.9396402995
212400 19.0917602539
213000 19.1428212484
213600 19.1938822428
214200 19.2449432373
214800 19.2960042318
215400 19.3470652262
216000 19.3981262207
216600 19.5219462077
217200 19.6457661947
217800 19.7695861816
218400 19.8934061686
219000 20.0172261556
219600 20.1410461426
220200 20.1326232910
220800 20.1242004395
221400 20.1157775879
222000 20.1073547363
222600 20.0989318848
223200 20.0905090332
223800 20.0507598877
224400 20.0110107422
225000 19.9712615967
225600 19.9315124512
226200 19.8917633057
226800 19.8520141602
227400 19.7524759928
228000 19.6529378255
228600 19.5533996582
229200 19.4538614909
229800 19.3543233236
230400 19.2547851563
231000 19.0147745768
231600 18.7747639974
232200 18.5347534180
232800 18.2947428385
233400 18.0547322591
234000 17.8147216797
234600 17.4590749105
235200 17.1034281413
235800 16.7477813721
236400 16.3921346029
237000 16.0364878337
237600 15.6808410645
238200 15.4871358236
238800 15.2934305827
239400 15.0997253418
240000 14.9060201009
240600 14.7123148600
241200 14.5186096191
241800 14.3679799398
242400 14.2173502604
243000 14.0667205811
243600 13.9160909017
244200 13.7654612223
244800 13.6148315430
245400 13.5700876872
246000 13.5253438314
246600 13.4805999756
247200 13.4358561198
247800 13.3911122640
248400 13.3463684082
249000 13.3695312500
249600 13.3926940918
250200 13.4158569336
250800 13.4390197754
251400 13.4621826172
252000 13.4853454590
252600 13.4859914144
253200 13.4866373698
253800 13.4872833252
254400 13.4879292806
255000 13.4885752360
255600 13.4892211914
256200 13.4754781087
256800 13.4617350260
257400 13.4479919434
258000 13.4342488607
258600 13.4205057780
259200 13.4067626953
259800 13.4369598389
260400 13.4671569824
261000 13.4973541260
261600 13.5275512695
262200 13.5577484131
262800 13.5879455566
263400 13.5968261719
264000 13.6057067871
264600 13.6145874023
265200 13.6234680176
265800 13.6323486328
266400 13.6412292480
267000 13.6521062215
267600 13.6629831950
268200 13.6738601685
268800 13.6847371419
269400 13.6956141154
270000 13.7064910889
270600 13.7249771118
271200 13.7434631348
271800 13.7619491577
272400 13.7804351807
273000 13.7989212036
273600 13.8174072266
274200 13.8404123942
274800 13.8634175618
275400 13.8864227295
276000 13.9094278971
276600 13.9324330648
277200 13.9554382324
277800 14.0582265218
278400 14.1610148112
279000 14.2638031006
279600 14.3665913900
280200 14.4693796794
280800 14.5721679688
281400 14.7030324300
282000 14.8338968913
282600 14.9647613525
283200 15.0956258138
283800 15.2264902751
284400 15.3573547363
285000 15.5193572998
285600 15.6813598633
286200 15.8433624268
286800 16.0053649902
287400 16.1673675537
288000 16.3293701172
288600 16.4405812581
289200 16.5517923991
289800 16.6630035400
290400 16.7742146810
291000 16.8854258219
291600 16.9966369629
292200 17.1455983480
292800 17.2945597331
293400 17.4435211182
294000 17.5924825033
294600 17.7414438883
295200 17.8904052734
295800 17.9157348633
296400 17.9410644531
297000 17.9663940430
297600 17.9917236328
298200 18.0170532227
298800 18.0423828125
299400 17.9488464355
300000 17.8553100586
300600 17.7617736816
301200 17.6682373047
301800 17.5747009277
302400 17.4811645508
303000 17.3598164876
303600 17.2384684245
304200 17.1171203613
304800 16.9957722982
305400 16.8744242350
306000 16.7530761719
306600 16.6463409424
307200 16.5396057129
307800 16.4328704834
308400 16.3261352539
309000 16.2194000244
309600 16.1126647949
310200 16.0409179688
310800 15.9691711426
311400 15.8974243164
312000 15.8256774902
312600 15.7539306641
313200 15.6821838379
313800 15.6125783285
314400 15.5429728190
315000 15.4733673096
315600 15.4037618001
316200 15.3341562907
316800 15.2645507813
317400 15.1456746419
318000 15.0267985026
318600 14.9079223633
319200 14.7890462240
319800 14.6701700846
320400 14.5512939453
321000 14.4304239909
321600 14.3095540365
322200 14.1886840820
322800 14.0678141276
323400 13.9469441732
324000 13.8260742188
324600 13.7108093262
325200 13.5955444336
325800 13.4802795410
326400 13.3650146484
327000 13.2497497559
327600 13.1344848633
328200 13.0673868815
328800 13.0002888997
329400 12.9331909180
330000 12.8660929362
330600 12.7989949544
331200 12.7318969727
331800 12.6421956380
332400 12.5524943034
333000 12.4627929688
333600 12.3730916341
334200 12.2833902995
334800 12.1936889648
335400 12.1503540039
336000 12.1070190430
336600 12.0636840820
337200 12.0203491211
337800 11.9770141602
338400 11.9336791992
339000 11.8861938477
339600 11.8387084961
340200 11.7912231445
340800 11.7437377930
341400 11.6962524414
342000 11.6487670898
342600 11.5845377604
343200 11.5203084310
343800 11.4560791016
344400 11.3918497721
345000 11.3276204427
345600 11.2633911133
346200 11.2182454427
346800 11.1730997721
347400 11.1279541016
348000 11.0828084310
348600 11.0376627604
349200 10.9925170898
349800 10.9498942057
350400 10.9072713216
351000 10.8646484375
351600 10.8220255534
352200 10.7794026693
352800 10.7367797852
353400 10.7088562012
354000 10.6809326172
354600 10.6530090332
355200 10.6250854492
355800 10.5971618652
356400 10.5692382813
357000 10.5449361165
357600 10.5206339518
358200 10.4963317871
358800 10.4720296224
359400 10.4477274577
360000 10.4234252930
360600 10.4117523193
361200 10.4000793457
361800 10.3884063721
362400 10.3767333984
363000 10.3650604248
363600 10.3533874512
364200 10.3372283936
364800 10.3210693359
365400 10.3049102783
366000 10.2887512207
366600 10.2725921631
367200 10.2564331055
367800 10.2998850505
368400 10.3433369954
369000 10.3867889404
369600 10.4302408854
370200 10.4736928304
370800 10.5171447754
371400 10.6261332194
372000 10.7351216634
372600 10.8441101074
373200 10.9530985514
373800 11.0620869954
374400 11.1710754395
375000 11.2261647542
375600 11.2812540690
376200 11.3363433838
376800 11.3914326986
377400 11.4465220133
378000 11.5016113281
378600 11.7381632487
379200 11.9747151693
379800 12.2112670898
380400 12.4478190104
381000 12.6843709310
381600 12.9209228516
382200 12.9699544271
382800 13.0189860026
383400 13.0680175781
384000 13.1170491536
384600 13.1660807292
385200 13.2151123047
385800 13.2692962646
386400 13.3234802246
387000 13.3776641846
387600 13.4318481445
388200 13.4860321045
388800 13.5402160645
389400 13.5819590251
390000 13.6237019857
390600 13.6654449463
391200 13.7071879069
391800 13.7489308675
392400 13.7906738281
393000 13.7799825033
393600 13.7692911784
394200 13.7585998535
394800 13.7479085286
395400 13.7372172038
396000 13.7265258789
396600 13.6988871257
397200 13.6712483724
397800 13.6436096191
398400 13.6159708659
399000 13.5883321126
399600 13.5606933594
400200 13.4534138997
400800 13.3461344401
401400 13.2388549805
402000 13.1315755208
402600 13.0242960612
403200 12.9170166016
403800 12.8018025716
404400 12.6865885417
405000 12.5713745117
405600 12.4561604818
406200 12.3409464518
406800 12.2257324219
407400 12.0358011882
408000 11.8458699544
408600 11.6559387207
409200 11.4660074870
409800 11.2760762533
410400 11.0861450195
411000 11.0305013021
411600 10.9748575846
412200 10.9192138672
412800 10.8635701497
413400 10.8079264323
414000 10.7522827148
414600 10.6635579427
415200 10.5748331706
415800 10.4861083984
416400 10.3973836263
417000 10.3086588542
417600 10.2199340820
418200 10.1348256429
418800 10.0497172038
419400 9.9646087646
420000 9.8795003255
420600 9.7943918864
421200 9.7092834473
421800 9.6452067057
422400 9.5811299642
423000 9.5170532227
423600 9.4529764811
424200 9.3888997396
424800 9.3248229980
425400 9.2896870931
426000 9.2545511882
426600 9.2194152832
427200 9.1842793783
427800 9.1491434733
428400 9.1140075684
429000 9.0879455566
429600 9.0618835449
430200 9.0358215332
430800 9.0097595215
431400 8.9836975098
432000 8.9576354980
432600 8.9399556478
433200 8.9222757975
433800 8.9045959473
434400 8.8869160970
435000 8.8692362467
435600 8.8515563965
436200 8.8786000570
436800 8.9056437174
437400 8.9326873779
438000 8.9597310384
438600 8.9867746989
439200 9.0138183594
439800 9.0399210612
440400 9.0660237630
441000 9.0921264648
441600 9.1182291667
442200 9.1443318685
442800 9.1704345703
443400 9.1832621257
444000 9.1960896810
444600 9.2089172363
445200 9.2217447917
445800 9.2345723470
446400 9.2473999023
447000 9.2485595703
447600 9.2497192383
448200 9.2508789063
448800 9.2520385742
449400 9.2531982422
450000 9.2543579102
450600 9.2634114583
451200 9.2724650065
451800 9.2815185547
452400 9.2905721029
453000 9.2996256510
453600 9.3086791992
454200 9.3562866211
454800 9.4038940430
455400 9.4515014648
456000 9.4991088867
456600 9.5467163086
457200 9.5943237305
457800 9.5653472900
458400 9.5363708496
459000 9.5073944092
459600 9.4784179688
460200 9.4494415283
460800 9.4204650879
461400 9.3954762777
462000 9.3704874674
462600 9.3454986572
463200 9.3205098470
463800 9.2955210368
464400 9.2705322266
465000 9.2468760173
465600 9.2232198079
466200 9.1995635986
466800 9.1759073893
467400 9.1522511800
468000 9.1285949707
468600 9.1476582845
469200 9.1667215983
469800 9.1857849121
470400 9.2048482259
471000 9.2239115397
471600 9.2429748535
472200 9.2694081624
472800 9.2958414714
473400 9.3222747803
474000 9.3487080892
474600 9.3751413981
475200 9.4015747070
475800 9.3477645874
476400 9.2939544678
477000 9.2401443481
477600 9.1863342285
478200 9.1325241089
478800 9.0787139893
479400 9.0513015747
480000 9.0238891602
480600 8.9964767456
481200 8.9690643311
481800 8.9416519165
482400 8.9142395020
483000 8.8857666016
483600 8.8572937012
484200 8.8288208008
484800 8.8003479004
485400 8.7718750000
486000 8.7434020996
486600 8.7593526204
487200 8.7753031413
487800 8.7912536621
488400 8.8072041829
489000 8.8231547038
489600 8.8391052246
490200 8.8957153320
490800 8.9523254395
491400 9.0089355469
492000 9.0655456543
492600 9.1221557617
493200 9.1787658691
493800 9.2354370117
494400 9.2921081543
495000 9.3487792969
495600 9.4054504395
496200 9.4621215820
496800 9.5187927246
497400 9.5371592204
498000 9.5555257161
498600 9.5738922119
499200 9.5922587077
499800 9.6106252035
500400 9.6289916992
501000 9.6598144531
501600 9.6906372070
502200 9.7214599609
502800 9.7522827148
503400 9.7831054688
504000 9.8139282227
504600 9.8483978271
505200 9.8828674316
505800 9.9173370361
506400 9.9518066406
507000 9.9862762451
507600 10.0207458496
508200 10.0542490641
508800 10.0877522786
509400 10.1212554932
510000 10.1547587077
510600 10.1882619222
511200 10.2217651367
511800 10.1915273031
512400 10.1612894694
513000 10.1310516357
513600 10.1008138021
514200 10.0705759684
514800 10.0403381348
515400 10.0206848145
516000 10.0010314941
516600 9.9813781738
517200 9.9617248535
517800 9.9420715332
518400 9.9224182129
519000 9.9068695068
519600 9.8913208008
520200 9.8757720947
520800 9.8602233887
521400 9.8446746826
522000 9.8291259766
522600 9.8174021403
523200 9.8056783040
523800 9.7939544678
524400 9.7822306315
525000 9.7705067952
525600 9.7587829590
526200 9.7412709554
526800 9.7237589518
527400 9.7062469482
528000 9.6887349447
528600 9.6712229411
529200 9.6537109375
529800 9.6487060547
530400 9.6437011719
531000 9.6386962891
531600 9.6336914063
532200 9.6286865234
532800 9.6236816406
533400 9.6264587402
534000 9.6292358398
534600 9.6320129395
535200 9.6347900391
535800 9.6375671387
536400 9.6403442383
537000 9.6553029378
537600 9.6702616374
538200 9.6852203369
538800 9.7001790365
539400 9.7151377360
540000 9.7300964355
540600 9.7338755290
541200 9.7376546224
541800 9.7414337158
542400 9.7452128092
543000 9.7489919027
543600 9.7527709961
544200 9.7737162272
544800 9.7946614583
545400 9.8156066895
546000 9.8365519206
546600 9.8574971517
547200 9.8784423828
547800 9.9145599365
548400 9.9506774902
549000 9.9867950439
549600 10.0229125977
550200 10.0590301514
550800 10.0951477051
551400 10.1018564860
552000 10.1085652669
552600 10.1152740479
553200 10.1219828288
553800 10.1286916097
554400 10.1354003906
555000 10.2577911377
555600 10.3801818848
556200 10.5025726318
556800 10.6249633789
557400 10.7473541260
558000 10.8697448730
558600 10.9768107096
559200 11.0838765462
559800 11.1909423828
560400 11.2980082194
561000 11.4050740560
561600 11.5121398926
562200 11.6281524658
562800 11.7441650391
563400 11.8601776123
564000 11.9761901855
564600 12.0922027588
565200 12.2082153320
565800 12.3733154297
566400 12.5384155273
567000 12.7035156250
567600 12.8686157227
568200 13.0337158203
568800 13.1988159180
569400 13.2637318929
570000 13.3286478678
570600 13.3935638428
571200 13.4584798177
571800 13.5233957926
572400 13.5883117676
573000 13.6169728597
573600 13.6456339518
574200 13.6742950439
574800 13.7029561361
575400 13.7316172282
576000 13.7602783203
576600 13.7380208333
577200 13.7157633464
577800 13.6935058594
578400 13.6712483724
579000 13.6489908854
579600 13.6267333984
580200 13.5723714193
580800 13.5180094401
581400 13.4636474609
582000 13.4092854818
582600 13.3549235026
583200 13.3005615234
583800 13.2637115479
584400 13.2268615723
585000 13.1900115967
585600 13.1531616211
586200 13.1163116455
586800 13.0794616699
587400 13.0360097249
588000 12.9925577799
588600 12.9491058350
589200 12.9056538900
589800 12.8622019450
590400 12.8187500000
591000 12.7409505208
591600 12.6631510417
592200 12.5853515625
592800 12.5075520833
593400 12.4297526042
594000 12.3519531250
594600 12.2796976725
595200 12.2074422201
595800 12.1351867676
596400 12.0629313151
597000 11.9906758626
597600 11.9184204102
598200 11.8354838053
598800 11.7525472005
599400 11.6696105957
600000 11.5866739909
600600 11.5037373861
601200 11.4208007813
601800 11.3429911296
602400 11.2651814779
603000 11.1873718262
603600 11.1095621745
604200 11.0317525228
604800 10.9539428711
605400 10.9149668376
606000 10.8759908040
606600 10.8370147705
607200 10.7980387370
607800 10.7590627035
608400 10.7200866699
609000 10.6763142904
609600 10.6325419108
610200 10.5887695313
610800 10.5449971517
611400 10.5012247721
612000 10.4574523926
612600 10.4373565674
613200 10.4172607422
613800 10.3971649170
614400 10.3770690918
615000 10.3569732666
615600 10.3368774414
616200 10.3169291178
616800 10.2969807943
617400 10.2770324707
618000 10.2570841471
618600 10.2371358236
619200 10.2171875000
619800 10.1936686198
620400 10.1701497396
621000 10.1466308594
621600 10.1231119792
622200 10.0995930990
622800 10.0760742188
623400 10.0778035482
624000 10.0795328776
624600 10.0812622070
625200 10.0829915365
625800 10.0847208659
626400 10.0864501953
627000 10.1209299723
627600 10.1554097493
628200 10.1898895264
628800 10.2243693034
629400 10.2588490804
630000 10.2933288574
630600 10.3640279134
631200 10.4347269694
631800 10.5054260254
632400 10.5761250814
633000 10.6468241374
633600 10.7175231934
634200 10.7503804525
634800 10.7832377116
635400 10.8160949707
636000 10.8489522298
636600 10.8818094889
637200 10.9146667480
637800 10.9152211507
638400 10.9157755534
639000 10.9163299561
639600 10.9168843587
640200 10.9174387614
640800 10.9179931641
641400 10.9149464925
642000 10.9118998210
642600 10.9088531494
643200 10.9058064779
643800 10.9027598063
644400 10.8997131348
645000 10.9089548747
645600 10.9181966146
646200 10.9274383545
646800 10.9366800944
647400 10.9459218343
648000 10.9551635742
648600 10.9424733480
649200 10.9297831217
649800 10.9170928955
650400 10.9044026693
651000 10.8917124430
651600 10.8790222168
652200 10.8715047201
652800 10.8639872233
653400 10.8564697266
654000 10.8489522298
654600 10.8414347331
655200 10.8339172363
655800 10.8482045492
656400 10.8624918620
657000 10.8767791748
657600 10.8910664876
658200 10.9053538005
658800 10.9196411133
659400 10.9070831299
660000 10.8945251465
660600 10.8819671631
661200 10.8694091797
661800 10.8568511963
662400 10.8442932129
663000 10.8424977620
663600 10.8407023112
664200 10.8389068604
664800 10.8371114095
665400 10.8353159587
666000 10.8335205078
666600 10.8487182617
667200 10.8639160156
667800 10.8791137695
668400 10.8943115234
669000 10.9095092773
669600 10.9247070313
670200 10.9308563232
670800 10.9370056152
671400 10.9431549072
672000 10.9493041992
672600 10.9554534912
673200 10.9616027832
673800 10.9527374268
674400 10.9438720703
675000 10.9350067139
675600 10.9261413574
676200 10.9172760010
676800 10.9084106445
677400 10.9216094971
678000 10.9348083496
678600 10.9480072021
679200 10.9612060547
679800 10.9744049072
680400 10.9876037598
681000 10.9890736898
681600 10.9905436198
682200 10.9920135498
682800 10.9934834798
683400 10.9949534098
684000 10.9964233398
684600 10.9988494873
685200 11.0012756348
685800 11.0037017822
686400 11.0061279297
687000 11.0085540771
687600 11.0109802246
688200 11.0091644287
688800 11.0073486328
689400 11.0055328369
690000 11.0037170410
690600 11.0019012451
691200 11.0000854492
691800 10.9865458171
692400 10.9730061849
693000 10.9594665527
693600 10.9459269206
694200 10.9323872884
694800 10.9188476563
695400 10.9005625407
696000 10.8822774251
696600 10.8639923096
697200 10.8457071940
697800 10.8274220785
698400 10.8091369629
699000 10.8023925781
699600 10.7956481934
700200 10.7889038086
700800 10.7821594238
701400 10.7754150391
702000 10.7686706543
702600 10.7843973796
703200 10.8001241048
703800 10.8158508301
704400 10.8315775553
705000 10.8473042806
705600 10.8630310059
706200 10.8922007243
706800 10.9213704427
707400 10.9505401611
708000 10.9797098796
708600 11.0088795980
709200 11.0380493164
709800 11.0755299886
710400 11.1130106608
711000 11.1504913330
711600 11.1879720052
712200 11.2254526774
712800 11.2629333496
713400 11.2736094157
714000 11.2842854818
714600 11.2949615479
715200 11.3056376139
715800 11.3163136800
716400 11.3269897461
717000 11.3707977295
717600 11.4146057129
718200 11.4584136963
718800 11.5022216797
719400 11.5460296631
720000 11.5898376465
720600 11.6663553874
721200 11.7428731283
721800 11.8193908691
722400 11.8959086100
723000 11.9724263509
723600 12.0489440918
724200 12.0920094808
724800 12.1350748698
725400 12.1781402588
726000 12.2212056478
726600 12.2642710368
727200 12.3073364258
727800 12.5234161377
728400 12.7394958496
729000 12.9555755615
729600 13.1716552734
730200 13.3877349854
730800 13.6038146973
731400 13.7442515055
732000 13.8846883138
732600 14.0251251221
733200 14.1655619303
733800 14.3059987386
734400 14.4464355469
735000 14.5880676270
735600 14.7296997070
736200 14.8713317871
736800 15.0129638672
737400 15.1545959473
738000 15.2962280273
738600 15.3590230306
739200 15.4218180339
739800 15.4846130371
740400 15.5474080404
741000 15.6102030436
741600 15.6729980469
742200 15.6799967448
742800 15.6869954427
743400 15.6939941406
744000 15.7009928385
744600 15.7079915365
745200 15.7149902344
745800 15.7115214030
746400 15.7080525716
747000 15.7045837402
747600 15.7011149089
748200 15.6976460775
748800 15.6941772461
749400 15.6638020833
750000 15.6334269206
750600 15.6030517578
751200 15.5726765951
751800 15.5423014323
752400 15.5119262695
753000 15.4842976888
753600 15.4566691081
754200 15.4290405273
754800 15.4014119466
755400 15.3737833659
756000 15.3461547852
756600 15.3247924805
757200 15.3034301758
757800 15.2820678711
758400 15.2607055664
759000 15.2393432617
759600 15.2179809570
760200 15.2447245280
760800 15.2714680990
761400 15.2982116699
762000 15.3249552409
762600 15.3516988118
763200 15.3784423828
763800 15.4246358236
764400 15.4708292643
765000 15.5170227051
765600 15.5632161458
766200 15.6094095866
766800 15.6556030273
767400 15.7202545166
768000 15.7849060059
768600 15.8495574951
769200 15.9142089844
769800 15.9788604736
770400 16.0435119629
771000 16.0291687012
771600 16.0148254395
772200 16.0004821777
772800 15.9861389160
773400 15.9717956543
774000 15.9574523926
774600 15.9082377116
775200 15.8590230306
775800 15.8098083496
776400 15.7605936686
777000 15.7113789876
777600 15.6621643066
778200 15.6683644613
778800 15.6745646159
779400 15.6807647705
780000 15.6869649251
780600 15.6931650798
781200 15.6993652344
781800 15.7154658000
782400 15.7315663656
783000 15.7476669312
783600 15.7637674967
784200 15.7798680623
784800 15.7959686279
785400 15.7780548096
786000 15.7601409912
786600 15.7422271729
787200 15.7243133545
787800 15.7063995361
788400 15.6884857178
789000 15.6750020345
789600 15.6615183512
790200 15.6480346680
790800 15.6345509847
791400 15.6210673014
792000 15.6075836182
792600 15.5712880452
793200 15.5349924723
793800 15.4986968994
794400 15.4624013265
795000 15.4261057536
795600 15.3898101807
796200 15.4169148763
796800 15.4440195719
797400 15.4711242676
798000 15.4982289632
798600 15.5253336589
799200 15.5524383545
799800 15.7106821696
800400 15.8689259847
801000 16.0271697998
801600 16.1854136149
802200 16.3436574300
802800 16.5019012451
803400 16.6423660278
804000 16.7828308105
804600 16.9232955933
805200 17.0637603760
805800 17.2042251587
806400 17.3446899414
807000 17.5099578857
807600 17.6752258301
808200 17.8404937744
808800 18.0057617188
809400 18.1710296631
810000 18.3362976074
810600 18.3837473551
811200 18.4311971029
811800 18.4786468506
812400 18.5260965983
813000 18.5735463460
813600 18.6209960938
814200 18.8110493978
814800 19.0011027018
815400 19.1911560059
816000 19.3812093099
816600 19.5712626139
817200 19.7613159180
817800 19.8663065592
818400 19.9712972005
819000 20.0762878418
819600 20.1812784831
820200 20.2862691243
820800 20.3912597656
821400 20.4502909342
822000 20.5093221029
822600 20.5683532715
823200 20.6273844401
823800 20.6864156087
824400 20.7454467773
825000 20.8492370605
825600 20.9530273438
826200 21.0568176270
826800 21.1606079102
827400 21.2643981934
828000 21.3681884766
828600 21.3454528809
829200 21.3227172852
829800 21.2999816895
830400 21.2772460938
831000 21.2545104980
831600 21.2317749023
832200 21.1603332520
832800 21.0888916016
833400 21.0174499512
834000 20.9460083008
834600 20.8745666504
835200 20.8031250000
835800 20.5271596273
836400 20.2511942546
837000 19.9752288818
837600 19.6992635091
838200 19.4232981364
838800 19.1473327637
839400 18.9224868774
840000 18.6976409912
840600 18.4727951050
841200 18.2479492188
841800 18.0231033325
842400 17.7982574463
843000 17.6844268799
843600 17.5705963135
844200 17.4567657471
844800 17.3429351807
845400 17.2291046143
846000 17.1152740479
846600 16.9783543905
847200 16.8414347331
847800 16.7045150757
848400 16.5675954183
849000 16.4306757609
849600 16.2937561035
850200 16.1848388672
850800 16.0759216309
851400 15.9670043945
852000 15.8580871582
852600 15.7491699219
853200 15.6402526855
853800 15.5157460531
854400 15.3912394206
855000 15.2667327881
855600 15.1422261556
856200 15.0177195231
856800 14.8932128906
857400 14.8589213053
858000 14.8246297201
858600 14.7903381348
859200 14.7560465495
859800 14.7217549642
860400 14.6874633789
861000 14.6415827433
861600 14.5957021077
862200 14.5498214722
862800 14.5039408366
863400 14.4580602010
864000 14.4121795654
864600 14.3169977824
865200 14.2218159993
865800 14.1266342163
866400 14.0314524333
867000 13.9362706502
867600 13.8410888672
868200 13.7248524984
868800 13.6086161296
869400 13.4923797607
870000 13.3761433919
870600 13.2599070231
871200 13.1436706543
871800 13.0184926351
872400 12.8933146159
873000 12.7681365967
873600 12.6429585775
874200 12.5177805583
874800 12.3926025391
875400 12.3863337199
876000 12.3800649007
876600 12.3737960815
877200 12.3675272624
877800 12.3612584432
878400 12.3549896240
879000 12.3043838501
879600 12.2537780762
880200 12.2031723022
880800 12.1525665283
881400 12.1019607544
882000 12.0513549805
882600 12.2823018392
883200 12.5132486979
883800 12.7441955566
884400 12.9751424154
885000 13.2060892741
885600 13.4370361328
886200 13.7558888753
886800 14.0747416178
887400 14.3935943604
888000 14.7124471029
888600 15.0312998454
889200 15.3501525879
889800 15.7100260417
890400 16.0698994954
891000 16.4297729492
891600 16.7896464030
892200 17.1495198568
892800 17.5093933105
893400 17.8329254150
894000 18.1564575195
894600 18.4799896240
895200 18.8035217285
895800 19.1270538330
896400 19.4505859375
897000 19.7660156250
897600 20.0814453125
898200 20.3968750000
898800 20.7123046875
899400 21.0277343750
900000 21.3431640625
900600 21.6466308594
901200 21.9500976563
901800 22.2535644531
902400 22.5570312500
903000 22.8604980469
903600 23.1639648438
904200 23.3385253906
904800 23.5130859375
905400 23.6876464844
906000 23.8622070313
906600 24.0367675781
907200 24.2113281250
907800 24.2539204915
908400 24.2965128581
909000 24.3391052246
909600 24.3816975911
910200 24.4242899577
910800 24.4668823242
911400 24.4300781250
912000 24.3932739258
912600 24.3564697266
913200 24.3196655273
913800 24.2828613281
914400 24.2460571289
915000 24.1181783040
915600 23.9902994792
916200 23.8624206543
916800 23.7345418294
917400 23.6066630046
918000 23.4787841797
918600 23.2936492920
919200 23.1085144043
919800 22.9233795166
920400 22.7382446289
921000 22.5531097412
921600 22.3679748535
922200 22.0180119832
922800 21.6680491130
923400 21.3180862427
924000 20.9681233724
924600 20.6181605021
925200 20.2681976318
925800 19.9443374634
926400 19.6204772949
927000 19.2966171265
927600 18.9727569580
928200 18.6488967896
928800 18.3250366211
929400 18.2382293701
930000 18.1514221191
930600 18.0646148682
931200 17.9778076172
931800 17.8910003662
932400 17.8041931152
933000 17.6766830444
933600 17.5491729736
934200 17.4216629028
934800 17.2941528320
935400 17.1666427612
936000 17.0391326904
936600 16.9167394002
937200 16.7943461100
937800 16.6719528198
938400 16.5495595296
939000 16.4271662394
939600 16.3047729492
940200 16.0989725749
940800 15.8931722005
941400 15.6873718262
942000 15.4815714518
942600 15.2757710775
943200 15.0699707031
943800 14.9376795451
944400 14.8053883870
945000 14.6730972290
945600 14.5408060710
946200 14.4085149129
946800 14.2762237549
947400 14.2118240356
948000 14.1474243164
948600 14.0830245972
949200 14.0186248779
949800 13.9542251587
950400 13.8898254395
951000 13.7813735962
951600 13.6729217529
952200 13.5644699097
952800 13.4560180664
953400 13.3475662231
954000 13.2391143799
954600 13.1880940755
955200 13.1370737712
955800 13.0860534668
956400 13.0350331624
957000 12.9840128581
957600 12.9329925537
958200 12.8163798014
958800 12.6997670492
959400 12.5831542969
960000 12.4665415446
960600 12.3499287923
961200 12.2333160400
961800 12.1587895711
962400 12.0842631022
963000 12.0097366333
963600 11.9352101644
964200 11.8606836955
964800 11.7861572266
965400 11.7538619995
966000 11.7215667725
966600 11.6892715454
967200 11.6569763184
967800 11.6246810913
968400 11.5923858643
969000 11.8289454142
969600 12.0655049642
970200 12.3020645142
970800 12.5386240641
971400 12.7751836141
972000 13.0117431641
972600 13.4050435384
973200 13.7983439128
973800 14.1916442871
974400 14.5849446615
975000 14.9782450358
975600 15.3715454102
976200 15.6824076335
976800 15.9932698568
977400 16.3041320801
978000 16.6149943034
978600 16.9258565267
979200 17.2367187500
979800 17.4955281576
980400 17.7543375651
981000 18.0131469727
981600 18.2719563802
982200 18.5307657878
982800 18.7895751953
983400 19.0035034180
984000 19.2174316406
984600 19.4313598633
985200 19.6452880859
985800 19.8592163086
986400 20.0731445313
987000 20.2525777181
987600 20.4320109049
988200 20.6114440918
988800 20.7908772786
989400 20.9703104655
990000 21.1497436523
990600 21.2666870117
991200 21.3836303711
991800 21.5005737305
992400 21.6175170898
993000 21.7344604492
993600 21.8514038086
994200 21.8899475098
994800 21.9284912109
995400 21.9670349121
996000 22.0055786133
996600 22.0441223145
997200 22.0826660156
997800 22.0274698893
998400 21.9722737630
999000 21.9170776367
999600 21.8618815104
1000200 21.8066853841
1000800 21.7514892578
1001400 21.6762736003
1002000 21.6010579427
1002600 21.5258422852
1003200 21.4506266276
1003800 21.3754109701
1004400 21.3001953125
1005000 21.0983113607
1005600 20.8964274089
1006200 20.6945434570
1006800 20.4926595052
1007400 20.2907755534
1008000 20.0888916016
1008600 19.8116038005
1009200 19.5343159993
1009800 19.2570281982
1010400 18.9797403971
1011000 18.7024525960
1011600 18.4251647949
1012200 18.1903472900
1012800 17.9555297852
1013400 17.7207122803
1014000 17.4858947754
1014600 17.2510772705
1015200 17.0162597656
1015800 16.8779490153
1016400 16.7396382650
1017000 16.6013275146
1017600 16.4630167643
1018200 16.3247060140
1018800 16.1863952637
1019400 16.0414164225
1020000 15.8964375814
1020600 15.7514587402
1021200 15.6064798991
1021800 15.4615010579
1022400 15.3165222168
1023000 15.1683695475
1023600 15.0202168783
1024200 14.8720642090
1024800 14.7239115397
1025400 14.5757588704
1026000 14.4276062012
1026600 14.3061971029
1027200 14.1847880046
1027800 14.0633789063
1028400 13.9419698079
1029000 13.8205607096
1029600 13.6991516113
1030200 13.5299011230
1030800 13.3606506348
1031400 13.1914001465
1032000 13.0221496582
1032600 12.8528991699
1033200 12.6836486816
1033800 12.5551035563
1034400 12.4265584310
1035000 12.2980133057
1035600 12.1694681803
1036200 12.0409230550
1036800 11.9123779297
1037400 11.8348963420
1038000 11.7574147542
1038600 11.6799331665
1039200 11.6024515788
1039800 11.5249699910
1040400 11.4474884033
1041000 11.3568893433
1041600 11.2662902832
1042200 11.1756912231
1042800 11.0850921631
1043400 10.9944931030
1044000 10.9038940430
1044600 10.8042058309
1045200 10.7045176188
1045800 10.6048294067
1046400 10.5051411947
1047000 10.4054529826
1047600 10.3057647705
1048200 10.2713027954
1048800 10.2368408203
1049400 10.2023788452
1050000 10.1679168701
1050600 10.1334548950
1051200 10.0989929199
1051800 10.0362106323
1052400 9.9734283447
1053000 9.9106460571
1053600 9.8478637695
1054200 9.7850814819
1054800 9.7222991943
1055400 10.0321772257
1056000 10.3420552572
1056600 10.6519332886
1057200 10.9618113200
1057800 11.2716893514
1058400 11.5815673828
1059000 12.0004669189
1059600 12.4193664551
1060200 12.8382659912
1060800 13.2571655273
1061400 13.6760650635
1062000 14.0949645996
1062600 14.4588002523
1063200 14.8226359049
1063800 15.1864715576
1064400 15.5503072103
1065000 15.9141428630
1065600 16.2779785156
1066200 16.6024464925
1066800 16.9269144694
1067400 17.2513824463
1068000 17.5758504232
1068600 17.9003184001
1069200 18.2247863770
1069800 18.5186655680
1070400 18.8125447591
1071000 19.1064239502
1071600 19.4003031413
1072200 19.6941823324
1072800 19.9880615234
1073400 20.1374857585
1074000 20.2869099935
1074600 20.4363342285
1075200 20.5857584635
1075800 20.7351826986
1076400 20.8846069336
1077000 20.9860524495
1077600 21.0874979655
1078200 21.1889434814
1078800 21.2903889974
1079400 21.3918345133
1080000 21.4932800293
1080600 21.5394276937
1081200 21.5855753581
1081800 21.6317230225
1082400 21.6778706868
1083000 21.7240183512
1083600 21.7701660156
1084200 21.7653035482
1084800 21.7604410807
1085400 21.7555786133
1086000 21.7507161458
1086600 21.7458536784
1087200 21.7409912109
1087800 21.6655822754
1088400 21.5901733398
1089000 21.5147644043
1089600 21.4393554688
1090200 21.3639465332
1090800 21.2885375977
1091400 21.1875193278
1092000 21.0865010579
1092600 20.9854827881
1093200 20.8844645182
1093800 20.7834462484
1094400 20.6824279785
1095000 20.3466939290
1095600 20.0109598796
1096200 19.6752258301
1096800 19.3394917806
1097400 19.0037577311
1098000 18.6680236816
1098600 18.4189798991
1099200 18.1699361165
1099800 17.9208923340
1100400 17.6718485514
1101000 17.4228047689
1101600 17.1737609863
1102200 17.0068501790
1102800 16.8399393717
1103400 16.6730285645
1104000 16.5061177572
1104600 16.3392069499
1105200 16.1722961426
1105800 15.9993403117
1106400 15.8263844808
1107000 15.6534286499
1107600 15.4804728190
1108200 15.3075169881
1108800 15.1345611572
1109400 14.9708419800
1110000 14.8071228027
1110600 14.6434036255
1111200 14.4796844482
1111800 14.3159652710
1112400 14.1522460938
1113000 13.9910878499
1113600 13.8299296061
1114200 13.6687713623
1114800 13.5076131185
1115400 13.3464548747
1116000 13.1852966309
1116600 13.0840087891
1117200 12.9827209473
1117800 12.8814331055
1118400 12.7801452637
1119000 12.6788574219
1119600 12.5775695801
1120200 12.4779703776
1120800 12.3783711751
1121400 12.2787719727
1122000 12.1791727702
1122600 12.0795735677
1123200 11.9799743652
1123800 11.8747929891
1124400 11.7696116130
1125000 11.6644302368
1125600 11.5592488607
1126200 11.4540674845
1126800 11.3488861084
1127400 11.2678771973
1128000 11.1868682861
1128600 11.1058593750
1129200 11.0248504639
1129800 10.9438415527
1130400 10.8628326416
1131000 10.7864064535
1131600 10.7099802653
1132200 10.6335540771
1132800 10.5571278890
1133400 10.4807017008
1134000 10.4042755127
1134600 10.3101008097
1135200 10.2159261068
1135800 10.1217514038
1136400 10.0275767008
1137000 9.9334019979
1137600 9.8392272949
1138200 9.7694869995
1138800 9.6997467041
1139400 9.6300064087
1140000 9.5602661133
1140600 9.4905258179
1141200 9.4207855225
1141800 9.7367492676
1142400 10.0527130127
1143000 10.3686767578
1143600 10.6846405029
1144200 11.0006042480
1144800 11.3165679932
1145400 11.7467463175
1146000 12.1769246419
1146600 12.6071029663
1147200 13.0372812907
1147800 13.4674596151
1148400 13.8976379395
1149000 14.3072245280
1149600 14.7168111165
1150200 15.1263977051
1150800 15.5359842936
1151400 15.9455708822
1152000 16.3551574707
1152600 16.7279958089
1153200 17.1008341471
1153800 17.4736724854
1154400 17.8465108236
1155000 18.2193491618
1155600 18.5921875000
1156200 18.8835947673
1156800 19.1750020345
1157400 19.4664093018
1158000 19.7578165690
1158600 20.0492238363
1159200 20.3406311035
1159800 20.5606882731
1160400 20.7807454427
1161000 21.0008026123
1161600 21.2208597819
1162200 21.4409169515
1162800 21.6609741211
1163400 21.7980438232
1164000 21.9351135254
1164600 22.0721832275
1165200 22.2092529297
1165800 22.3463226318
1166400 22.4833923340
1167000 22.5650472005
1167600 22.6467020671
1168200 22.7283569336
1168800 22.8100118001
1169400 22.8916666667
1170000 22.9733215332
1170600 22.9891042074
1171200 23.0048868815
1171800 23.0206695557
1172400 23.0364522298
1173000 23.0522349040
1173600 23.0680175781
1174200 23.0014943441
1174800 22.9349711100
1175400 22.8684478760
1176000 22.8019246419
1176600 22.7354014079
1177200 22.6688781738
1177800 22.4864084880
1178400 22.3039388021
1179000 22.1214691162
1179600 21.9389994303
1180200 21.7565297445
1180800 21.5740600586
1181400 21.1612080892
1182000 20.7483561198
1182600 20.3355041504
1183200 19.9226521810
1183800 19.5098002116
1184400 19.0969482422
1185000 18.7230773926
1185600 18.3492065430
1186200 17.9753356934
1186800 17.6014648438
1187400 17.2275939941
1188000 16.8537231445
1188600 16.6530497233
1189200 16.4523763021
1189800 16.2517028809
1190400 16.0510294596
1191000 15.8503560384
1191600 15.6496826172
1192200 15.4445739746
1192800 15.2394653320
1193400 15.0343566895
1194000 14.8292480469
1194600 14.6241394043
1195200 14.4190307617
1195800 14.2499735514
1196400 14.0809163411
1197000 13.9118591309
1197600 13.7428019206
1198200 13.5737447103
1198800 13.4046875000
1199400 13.2592814128
1200000 13.1138753255
1200600 12.9684692383
1201200 12.8230631510
1201800 12.6776570638
1202400 12.5322509766
1203000 12.3646331787
1203600 12.1970153809
1204200 12.0293975830
1204800 11.8617797852
1205400 11.6941619873
1206000 11.5265441895
1206600 11.3939402262
1207200 11.2613362630
1207800 11.1287322998
1208400 10.9961283366
1209000 10.8635243734
1209600 10.7309204102
1210200 10.6319569906
1210800 10.5329935710
1211400 10.4340301514
1212000 10.3350667318
1212600 10.2361033122
1213200 10.1371398926
1213800 10.0804712931
1214400 10.0238026937
1215000 9.9671340942
1215600 9.9104654948
1216200 9.8537968953
1216800 9.7971282959
1217400 9.6963668823
1218000 9.5956054688
1218600 9.4948440552
1219200 9.3940826416
1219800 9.2933212280
1220400 9.1925598145
1221000 9.1295384725
1221600 9.0665171305
1222200 9.0034957886
1222800 8.9404744466
1223400 8.8774531047
1224000 8.8144317627
1224600 8.7914850871
1225200 8.7685384115
1225800 8.7455917358
1226400 8.7226450602
1227000 8.6996983846
1227600 8.6767517090
1228200 9.0255116781
1228800 9.3742716471
1229400 9.7230316162
1230000 10.0717915853
1230600 10.4205515544
1231200 10.7693115234
1231800 11.2213328044
1232400 11.6733540853
1233000 12.1253753662
1233600 12.5773966471
1234200 13.0294179281
1234800 13.4814392090
1235400 13.8673187256
1236000 14.2531982422
1236600 14.6390777588
1237200 15.0249572754
1237800 15.4108367920
1238400 15.7967163086
1239000 16.0882253011
1239600 16.3797342936
1240200 16.6712432861
1240800 16.9627522786
1241400 17.2542612712
1242000 17.5457702637
1242600 17.8455444336
1243200 18.1453186035
1243800 18.4450927734
1244400 18.7448669434
1245000 19.0446411133
1245600 19.3444152832
1246200 19.5450403849
1246800 19.7456654867
1247400 19.9462905884
1248000 20.1469156901
1248600 20.3475407918
1249200 20.5481658936
1249800 20.7251347860
1250400 20.9021036784
1251000 21.0790725708
1251600 21.2560414632
1252200 21.4330103556
1252800 21.6099792480
1253400 21.6948130290
1254000 21.7796468099
1254600 21.8644805908
1255200 21.9493143717
1255800 22.0341481527
1256400 22.1189819336
1257000 22.1718994141
1257600 22.2248168945
1258200 22.2777343750
1258800 22.3306518555
1259400 22.3835693359
1260000 22.4364868164
1260600 22.4143361410
1261200 22.3921854655
1261800 22.3700347900
1262400 22.3478841146
1263000 22.3257334391
1263600 22.3035827637
1264200 22.1507507324
1264800 21.9979187012
1265400 21.8450866699
1266000 21.6922546387
1266600 21.5394226074
1267200 21.3865905762
1267800 20.9045298258
1268400 20.4224690755
1269000 19.9404083252
1269600 19.4583475749
1270200 18.9762868245
1270800 18.4942260742
1271400 18.1068664551
1272000 17.7195068359
1272600 17.3321472168
1273200 16.9447875977
1273800 16.5574279785
1274400 16.1700683594
1275000 15.9491210938
1275600 15.7281738281
1276200 15.5072265625
1276800 15.2862792969
1277400 15.0653320313
1278000 14.8443847656
1278600 14.6910898844
1279200 14.5377950033
1279800 14.3845001221
1280400 14.2312052409
1281000 14.0779103597
1281600 13.9246154785
1282200 13.9384857178
1282800 13.9523559570
1283400 13.9662261963
1284000 13.9800964355
1284600 13.9939666748
1285200 14.0078369141
1285800 14.1365702311
1286400 14.2653035482
1287000 14.3940368652
1287600 14.5227701823
1288200 14.6515034993
1288800 14.7802368164
1289400 14.6965016683
1290000 14.6127665202
1290600 14.5290313721
1291200 14.4452962240
1291800 14.3615610758
1292400 14.2778259277
1293000 14.1629069010
1293600 14.0479878743
1294200 13.9330688477
1294800 13.8181498210
1295400 13.7032307943
1296000 13.5883117676
1296600 13.4662261963
1297200 13.3441406250
1297800 13.2220550537
1298400 13.0999694824
1299000 12.9778839111
1299600 12.8557983398
1300200 12.7697794596
1300800 12.6837605794
1301400 12.5977416992
1302000 12.5117228190
1302600 12.4257039388
1303200 12.3396850586
1303800 12.2817728678
1304400 12.2238606771
1305000 12.1659484863
1305600 12.1080362956
1306200 12.0501241048
1306800 11.9922119141
1307400 11.9582356771
1308000 11.9242594401
1308600 11.8902832031
1309200 11.8563069661
1309800 11.8223307292
1310400 11.7883544922
1311000 11.7642608643
1311600 11.7401672363
1312200 11.7160736084
1312800 11.6919799805
1313400 11.6678863525
1314000 11.6437927246
1314600 11.6538609823
1315200 11.6639292399
1315800 11.6739974976
1316400 11.6840657552
1317000 11.6941340129
1317600 11.7042022705
1318200 12.0266560872
1318800 12.3491099040
1319400 12.6715637207
1320000 12.9940175374
1320600 13.3164713542
1321200 13.6389251709
1321800 14.0553705851
1322400 14.4718159993
1323000 14.8882614136
1323600 15.3047068278
1324200 15.7211522420
1324800 16.1375976563
1325400 16.5165878296
1326000 16.8955780029
1326600 17.2745681763
1327200 17.6535583496
1327800 18.0325485229
1328400 18.4115386963
1329000 18.7807861328
1329600 19.1500335693
1330200 19.5192810059
1330800 19.8885284424
1331400 20.2577758789
1332000 20.6270233154
1332600 20.8339757284
1333200 21.0409281413
1333800 21.2478805542
1334400 21.4548329671
1335000 21.6617853800
1335600 21.8687377930
1336200 22.0292882284
1336800 22.1898386637
1337400 22.3503890991
1338000 22.5109395345
1338600 22.6714899699
1339200 22.8320404053
1339800 22.9404413859
1340400 23.0488423665
1341000 23.1572433472
1341600 23.2656443278
1342200 23.3740453084
1342800 23.4824462891
1343400 23.5092458089
1344000 23.5360453288
1344600 23.5628448486
1345200 23.5896443685
1345800 23.6164438883
1346400 23.6432434082
1347000 23.5545389811
1347600 23.4658345540
1348200 23.3771301270
1348800 23.2884256999
1349400 23.1997212728
1350000 23.1110168457
1350600 22.8762349447
1351200 22.6414530436
1351800 22.4066711426
1352400 22.1718892415
1353000 21.9371073405
1353600 21.7023254395
1354200 21.2548207601
1354800 20.8073160807
1355400 20.3598114014
1356000 19.9123067220
1356600 19.4648020426
1357200 19.0172973633
1357800 18.7319580078
1358400 18.4466186523
1359000 18.1612792969
1359600 17.8759399414
1360200 17.5906005859
1360800 17.3052612305
1361400 17.1116221110
1362000 16.9179829915
1362600 16.7243438721
1363200 16.5307047526
1363800 16.3370656331
1364400 16.1434265137
1365000 16.0300791423
1365600 15.9167317708
1366200 15.8033843994
1366800 15.6900370280
1367400 15.5766896566
1368000 15.4633422852
1368600 15.4085021973
1369200 15.3536621094
1369800 15.2988220215
1370400 15.2439819336
1371000 15.1891418457
1371600 15.1343017578
1372200 15.0610188802
1372800 14.9877360026
1373400 14.9144531250
1374000 14.8411702474
1374600 14.7678873698
1375200 14.6946044922
1375800 14.5780807495
1376400 14.4615570068
1377000 14.3450332642
1377600 14.2285095215
1378200 14.1119857788
1378800 13.9954620361
1379400 13.8436294556
1380000 13.6917968750
1380600 13.5399642944
1381200 13.3881317139
1381800 13.2362991333
1382400 13.0844665527
1383000 13.0632237752
1383600 13.0419809977
1384200 13.0207382202
1384800 12.9994954427
1385400 12.9782526652
1386000 12.9570098877
1386600 12.9138453166
1387200 12.8706807454
1387800 12.8275161743
1388400 12.7843516032
1389000 12.7411870321
1389600 12.6980224609
1390200 12.7020050049
1390800 12.7059875488
1391400 12.7099700928
1392000 12.7139526367
1392600 12.7179351807
1393200 12.7219177246
1393800 12.7232757568
1394400 12.7246337891
1395000 12.7259918213
1395600 12.7273498535
1396200 12.7287078857
1396800 12.7300659180
1397400 12.6767466227
1398000 12.6234273275
1398600 12.5701080322
1399200 12.5167887370
1399800 12.4634694417
1400400 12.4101501465
1401000 12.5855600993
1401600 12.7609700521
1402200 12.9363800049
1402800 13.1117899577
1403400 13.2871999105
1404000 13.4626098633
1404600 13.6319010417
1405200 13.8011922201
1405800 13.9704833984
1406400 14.1397745768
1407000 14.3090657552
1407600 14.4783569336
1408200 14.5155527751
1408800 14.5527486165
1409400 14.5899444580
1410000 14.6271402995
1410600 14.6643361410
1411200 14.7015319824
1411800 14.6729319255
1412400 14.6443318685
1413000 14.6157318115
1413600 14.5871317546
1414200 14.5585316976
1414800 14.5299316406
1415400 14.6048675537
1416000 14.6798034668
1416600 14.7547393799
1417200 14.8296752930
1417800 14.9046112061
1418400 14.9795471191
1419000 15.2002197266
1419600 15.4208923340
1420200 15.6415649414
1420800 15.8622375488
1421400 16.0829101563
1422000 16.3035827637
1422600 16.5219004313
1423200 16.7402180990
1423800 16.9585357666
1424400 17.1768534342
1425000 17.3951711019
1425600 17.6134887695
1426200 17.7380157471
1426800 17.8625427246
1427400 17.9870697021
1428000 18.1115966797
1428600 18.2361236572
1429200 18.3606506348
1429800 18.4387654622
1430400 18.5168802897
1431000 18.5949951172
1431600 18.6731099447
1432200 18.7512247721
1432800 18.8293395996
1433400 18.7703694661
1434000 18.7113993327
1434600 18.6524291992
1435200 18.5934590658
1435800 18.5344889323
1436400 18.4755187988
1437000 18.3927602132
1437600 18.3100016276
1438200 18.2272430420
1438800 18.1444844564
1439400 18.0617258708
1440000 17.9789672852
1440600 17.6945841471
1441200 17.4102010091
1441800 17.1258178711
1442400 16.8414347331
1443000 16.5570515951
1443600 16.2726684570
1444200 16.1271402995
1444800 15.9816121419
1445400 15.8360839844
1446000 15.6905558268
1446600 15.5450276693
1447200 15.3994995117
1447800 15.2938120524
1448400 15.1881245931
1449000 15.0824371338
1449600 14.9767496745
1450200 14.8710622152
1450800 14.7653747559
1451400 14.6812174479
1452000 14.5970601400
1452600 14.5129028320
1453200 14.4287455241
1453800 14.3445882161
1454400 14.2604309082
1455000 14.2545461019
1455600 14.2486612956
1456200 14.2427764893
1456800 14.2368916829
1457400 14.2310068766
1458000 14.2251220703
1458600 14.2260604858
1459200 14.2269989014
1459800 14.2279373169
1460400 14.2288757324
1461000 14.2298141479
1461600 14.2307525635
1462200 14.2173375448
1462800 14.2039225260
1463400 14.1905075073
1464000 14.1770924886
1464600 14.1636774699
1465200 14.1502624512
1465800 14.1569992065
1466400 14.1637359619
1467000 14.1704727173
1467600 14.1772094727
1468200 14.1839462280
1468800 14.1906829834
1469400 14.1907847087
1470000 14.1908864339
1470600 14.1909881592
1471200 14.1910898844
1471800 14.1911916097
1472400 14.1912933350
1473000 14.2347681681
1473600 14.2782430013
1474200 14.3217178345
1474800 14.3651926676
1475400 14.4086675008
1476000 14.4521423340
1476600 14.4730163574
1477200 14.4938903809
1477800 14.5147644043
1478400 14.5356384277
1479000 14.5565124512
1479600 14.5773864746
1480200 14.5446818034
1480800 14.5119771322
1481400 14.4792724609
1482000 14.4465677897
1482600 14.4138631185
1483200 14.3811584473
1483800 14.3461293538
1484400 14.3111002604
1485000 14.2760711670
1485600 14.2410420736
1486200 14.2060129801
1486800 14.1709838867
1487400 14.1743306478
1488000 14.1776774089
1488600 14.1810241699
1489200 14.1843709310
1489800 14.1877176921
1490400 14.1910644531
1491000 14.3893168132
1491600 14.5875691732
1492200 14.7858215332
1492800 14.9840738932
1493400 15.1823262533
1494000 15.3805786133
1494600 15.5876607259
1495200 15.7947428385
1495800 16.0018249512
1496400 16.2089070638
1497000 16.4159891764
1497600 16.6230712891
1498200 16.8462514242
1498800 17.0694315592
1499400 17.2926116943
1500000 17.5157918294
1500600 17.7389719645
1501200 17.9621520996
1501800 18.1404154460
1502400 18.3186787923
1503000 18.4969421387
1503600 18.6752054850
1504200 18.8534688314
1504800 19.0317321777
1505400 19.1370635986
1506000 19.2423950195
1506600 19.3477264404
1507200 19.4530578613
1507800 19.5583892822
1508400 19.6637207031
1509000 19.7276753743
1509600 19.7916300456
1510200 19.8555847168
1510800 19.9195393880
1511400 19.9834940592
1512000 20.0474487305
1512600 20.1188700358
1513200 20.1902913411
1513800 20.2617126465
1514400 20.3331339518
1515000 20.4045552572
1515600 20.4759765625
1516200 20.4487701416
1516800 20.4215637207
1517400 20.3943572998
1518000 20.3671508789
1518600 20.3399444580
1519200 20.3127380371
1519800 20.2438954671
1520400 20.1750528971
1521000 20.1062103271
1521600 20.0373677572
1522200 19.9685251872
1522800 19.8996826172
1523400 19.7371307373
1524000 19.5745788574
1524600 19.4120269775
1525200 19.2494750977
1525800 19.0869232178
1526400 18.9243713379
1527000 18.7062825521
1527600 18.4881937663
1528200 18.2701049805
1528800 18.0520161947
1529400 17.8339274089
1530000 17.6158386230
1530600 17.3991333008
1531200 17.1824279785
1531800 16.9657226563
1532400 16.7490173340
1533000 16.5323120117
1533600 16.3156066895
1534200 16.2492411296
1534800 16.1828755697
1535400 16.1165100098
1536000 16.0501444499
1536600 15.9837788900
1537200 15.9174133301
1537800 15.8008565267
1538400 15.6842997233
1539000 15.5677429199
1539600 15.4511861165
1540200 15.3346293132
1540800 15.2180725098
1541400 15.0977060954
1542000 14.9773396810
1542600 14.8569732666
1543200 14.7366068522
1543800 14.6162404378
1544400 14.4958740234
1545000 14.3691446940
1545600 14.2424153646
1546200 14.1156860352
1546800 13.9889567057
1547400 13.8622273763
1548000 13.7354980469
1548600 13.7808013916
1549200 13.8261047363
1549800 13.8714080811
1550400 13.9167114258
1551000 13.9620147705
1551600 14.0073181152
1552200 14.0510752360
1552800 14.0948323568
1553400 14.1385894775
1554000 14.1823465983
1554600 14.2261037191
1555200 14.2698608398
1555800 14.2929423014
1556400 14.3160237630
1557000 14.3391052246
1557600 14.3621866862
1558200 14.3852681478
1558800 14.4083496094
1559400 14.3621943156
1560000 14.3160390218
1560600 14.2698837280
1561200 14.2237284342
1561800 14.1775731405
1562400 14.1314178467
1563000 14.1166524251
1563600 14.1018870036
1564200 14.0871215820
1564800 14.0723561605
1565400 14.0575907389
1566000 14.0428253174
1566600 14.0031041463
1567200 13.9633829753
1567800 13.9236618042
1568400 13.8839406331
1569000 13.8442194621
1569600 13.8044982910
1570200 13.8151184082
1570800 13.8257385254
1571400 13.8363586426
1572000 13.8469787598
1572600 13.8575988770
1573200 13.8682189941
1573800 13.9303934733
1574400 13.9925679525
1575000 14.0547424316
1575600 14.1169169108
1576200 14.1790913900
1576800 14.2412658691
1577400 14.3399648031
1578000 14.4386637370
1578600 14.5373626709
1579200 14.6360616048
1579800 14.7347605387
1580400 14.8334594727
1581000 14.8792358398
1581600 14.9250122070
1582200 14.9707885742
1582800 15.0165649414
1583400 15.0623413086
1584000 15.1081176758
1584600 15.0978535970
1585200 15.0875895182
1585800 15.0773254395
1586400 15.0670613607
1587000 15.0567972819
1587600 15.0465332031
1588200 15.1672454834
1588800 15.2879577637
1589400 15.4086700439
1590000 15.5293823242
1590600 15.6500946045
1591200 15.7708068848
1591800 15.9746999105
1592400 16.1785929362
1593000 16.3824859619
1593600 16.5863789876
1594200 16.7902720133
1594800 16.9941650391
1595400 17.3244415283
1596000 17.6547180176
1596600 17.9849945068
1597200 18.3152709961
1597800 18.6455474854
1598400 18.9758239746
1599000 19.0114735921
1599600 19.0471232096
1600200 19.0827728271
1600800 19.1184224447
1601400 19.1540720622
1602000 19.1897216797
1602600 19.1839487712
1603200 19.1781758626
1603800 19.1724029541
1604400 19.1666300456
1605000 19.1608571370
1605600 19.1550842285
1606200 19.1138804118
1606800 19.0726765951
1607400 19.0314727783
1608000 18.9902689616
1608600 18.9490651449
1609200 18.9078613281
1609800 18.8062479655
1610400 18.7046346029
1611000 18.6030212402
1611600 18.5014078776
1612200 18.3997945150
1612800 18.2981811523
1613400 18.1839792887
1614000 18.0697774251
1614600 17.9555755615
1615200 17.8413736979
1615800 17.7271718343
1616400 17.6129699707
1617000 17.5305165609
1617600 17.4480631510
1618200 17.3656097412
1618800 17.2831563314
1619400 17.2007029215
1620000 17.1182495117
1620600 16.9751118978
1621200 16.8319742839
1621800 16.6888366699
1622400 16.5456990560
1623000 16.4025614421
1623600 16.2594238281
1624200 16.1769805908
1624800 16.0945373535
1625400 16.0120941162
1626000 15.9296508789
1626600 15.8472076416
1627200 15.7647644043
1627800 15.7074625651
1628400 15.6501607259
1629000 15.5928588867
1629600 15.5355570475
1630200 15.4782552083
1630800 15.4209533691
1631400 15.4598937988
1632000 15.4988342285
1632600 15.5377746582
1633200 15.5767150879
1633800 15.6156555176
1634400 15.6545959473
1635000 15.6939381917
1635600 15.7332804362
1636200 15.7726226807
1636800 15.8119649251
1637400 15.8513071696
1638000 15.8906494141
1638600 15.9052876790
1639200 15.9199259440
1639800 15.9345642090
1640400 15.9492024740
1641000 15.9638407389
1641600 15.9784790039
1642200 15.9774515788
1642800 15.9764241536
1643400 15.9753967285
1644000 15.9743693034
1644600 15.9733418783
1645200 15.9723144531
1645800 15.9114674886
1646400 15.8506205241
1647000 15.7897735596
1647600 15.7289265951
1648200 15.6680796305
1648800 15.6072326660
1649400 15.5147796631
1650000 15.4223266602
1650600 15.3298736572
1651200 15.2374206543
1651800 15.1449676514
1652400 15.0525146484
1653000 15.0002075195
1653600 14.9479003906
1654200 14.8955932617
1654800 14.8432861328
1655400 14.7909790039
1656000 14.7386718750
1656600 14.6822855632
1657200 14.6258992513
1657800 14.5695129395
1658400 14.5131266276
1659000 14.4567403158
1659600 14.4003540039
1660200 14.4483632406
1660800 14.4963724772
1661400 14.5443817139
1662000 14.5923909505
1662600 14.6404001872
1663200 14.6884094238
1663800 14.9151550293
1664400 15.1419006348
1665000 15.3686462402
1665600 15.5953918457
1666200 15.8221374512
1666800 16.0488830566
1667400 16.2587829590
1668000 16.4686828613
1668600 16.6785827637
1669200 16.8884826660
1669800 17.0983825684
1670400 17.3082824707
1671000 17.4641306559
1671600 17.6199788411
1672200 17.7758270264
1672800 17.9316752116
1673400 18.0875233968
1674000 18.2433715820
1674600 18.4105875651
1675200 18.5778035482
1675800 18.7450195313
1676400 18.9122355143
1677000 19.0794514974
1677600 19.2466674805
1678200 19.3150065104
1678800 19.3833455404
1679400 19.4516845703
1680000 19.5200236003
1680600 19.5883626302
1681200 19.6567016602
1681800 19.7057027181
1682400 19.7547037760
1683000 19.8037048340
1683600 19.8527058919
1684200 19.9017069499
1684800 19.9507080078
1685400 19.7730957031
1686000 19.5954833984
1686600 19.4178710938
1687200 19.2402587891
1687800 19.0626464844
1688400 18.8850341797
1689000 18.6544789632
1689600 18.4239237467
1690200 18.1933685303
1690800 17.9628133138
1691400 17.7322580973
1692000 17.5017028809
1692600 17.3478892008
1693200 17.1940755208
1693800 17.0402618408
1694400 16.8864481608
1695000 16.7326344808
1695600 16.5788208008
1696200 16.4838704427
1696800 16.3889200846
1697400 16.2939697266
1698000 16.1990193685
1698600 16.1040690104
1699200 16.0091186523
1699800 15.8859395345
1700400 15.7627604167
1701000 15.6395812988
1701600 15.5164021810
1702200 15.3932230632
1702800 15.2700439453
1703400 15.1612894694
1704000 15.0525349935
1704600 14.9437805176
1705200 14.8350260417
1705800 14.7262715658
1706400 14.6175170898
1707000 14.5005533854
1707600 14.3835896810
1708200 14.2666259766
1708800 14.1496622721
1709400 14.0326985677
1710000 13.9157348633
1710600 13.8216796875
1711200 13.7276245117
1711800 13.6335693359
1712400 13.5395141602
1713000 13.4454589844
1713600 13.3514038086
1714200 13.3065531413
1714800 13.2617024740
1715400 13.2168518066
1716000 13.1720011393
1716600 13.1271504720
1717200 13.0822998047
1717800 13.0046936035
1718400 12.9270874023
1719000 12.8494812012
1719600 12.7718750000
1720200 12.6942687988
1720800 12.6166625977
1721400 12.5921875000
1722000 12.5677124023
1722600 12.5432373047
1723200 12.5187622070
1723800 12.4942871094
1724400 12.4698120117
1725000 12.4603566488
1725600 12.4509012858
1726200 12.4414459229
1726800 12.4319905599
1727400 12.4225351969
1728000 12.4130798340
1728600 12.3891489665
1729200 12.3652180990
1729800 12.3412872314
1730400 12.3173563639
1731000 12.2934254964
1731600 12.2694946289
1732200 12.2287587484
1732800 12.1880228678
1733400 12.1472869873
1734000 12.1065511068
1734600 12.0658152262
1735200 12.0250793457
1735800 12.0028320313
1736400 11.9805847168
1737000 11.9583374023
1737600 11.9360900879
1738200 11.9138427734
1738800 11.8915954590
1739400 11.8618052165
1740000 11.8320149740
1740600 11.8022247314
1741200 11.7724344889
1741800 11.7426442464
1742400 11.7128540039
1743000 11.6839894613
1743600 11.6551249186
1744200 11.6262603760
1744800 11.5973958333
1745400 11.5685312907
1746000 11.5396667480
1746600 11.6016174316
1747200 11.6635681152
1747800 11.7255187988
1748400 11.7874694824
1749000 11.8494201660
1749600 11.9113708496
1750200 12.0581247965
1750800 12.2048787435
1751400 12.3516326904
1752000 12.4983866374
1752600 12.6451405843
1753200 12.7918945313
1753800 12.9822123210
1754400 13.1725301107
1755000 13.3628479004
1755600 13.5531656901
1756200 13.7434834798
1756800 13.9338012695
1757400 14.0283447266
1758000 14.1228881836
1758600 14.2174316406
1759200 14.3119750977
1759800 14.4065185547
1760400 14.5010620117
1761000 14.5023946126
1761600 14.5037272135
1762200 14.5050598145
1762800 14.5063924154
1763400 14.5077250163
1764000 14.5090576172
1764600 14.4432871501
1765200 14.3775166829
1765800 14.3117462158
1766400 14.2459757487
1767000 14.1802052816
1767600 14.1144348145
1768200 14.0353841146
1768800 13.9563334147
1769400 13.8772827148
1770000 13.7982320150
1770600 13.7191813151
1771200 13.6401306152
1771800 13.6655415853
1772400 13.6909525553
1773000 13.7163635254
1773600 13.7417744954
1774200 13.7671854655
1774800 13.7925964355
1775400 13.8654876709
1776000 13.9383789063
1776600 14.0112701416
1777200 14.0841613770
1777800 14.1570526123
1778400 14.2299438477
1779000 14.2319936117
1779600 14.2340433757
1780200 14.2360931396
1780800 14.2381429036
1781400 14.2401926676
1782000 14.2422424316
1782600 14.0759114583
1783200 13.9095804850
1783800 13.7432495117
1784400 13.5769185384
1785000 13.4105875651
1785600 13.2442565918
1786200 12.9482157389
1786800 12.6521748861
1787400 12.3561340332
1788000 12.0600931803
1788600 11.7640523275
1789200 11.4680114746
1789800 11.3064819336
1790400 11.1449523926
1791000 10.9834228516
1791600 10.8218933105
1792200 10.6603637695
1792800 10.4988342285
1793400 10.3614491781
1794000 10.2240641276
1794600 10.0866790771
1795200 9.9492940267
1795800 9.8119089762
1796400 9.6745239258
1797000 9.5152425130
1797600 9.3559611003
1798200 9.1966796875
1798800 9.0373982747
1799400 8.8781168620
1800000 8.7188354492
1800600 8.5974975586
1801200 8.4761596680
1801800 8.3548217773
1802400 8.2334838867
1803000 8.1121459961
1803600 7.9908081055
1804200 7.9112386068
1804800 7.8316691081
1805400 7.7520996094
1806000 7.6725301107
1806600 7.5929606120
1807200 7.5133911133
1807800 7.4027038574
1808400 7.2920166016
1809000 7.1813293457
1809600 7.0706420898
1810200 6.9599548340
1810800 6.8492675781
1811400 6.7875457764
1812000 6.7258239746
1812600 6.6641021729
1813200 6.6023803711
1813800 6.5406585693
1814400 6.4789367676
1815000 6.4519897461
1815600 6.4250427246
1816200 6.3980957031
1816800 6.3711486816
1817400 6.3442016602
1818000 6.3172546387
1818600 6.2487070719
1819200 6.1801595052
1819800 6.1116119385
1820400 6.0430643717
1821000 5.9745168050
1821600 5.9059692383
1822200 5.8485148112
1822800 5.7910603841
1823400 5.7336059570
1824000 5.6761515299
1824600 5.6186971029
1825200 5.5612426758
1825800 5.5153035482
1826400 5.4693644206
1827000 5.4234252930
1827600 5.3774861654
1828200 5.3315470378
1828800 5.2856079102
1829400 5.2579742432
1830000 5.2303405762
1830600 5.2027069092
1831200 5.1750732422
1831800 5.1474395752
1832400 5.1198059082
1833000 5.2938120524
1833600 5.4678181966
1834200 5.6418243408
1834800 5.8158304850
1835400 5.9898366292
1836000 6.1638427734
1836600 6.5122772217
1837200 6.8607116699
1837800 7.2091461182
1838400 7.5575805664
1839000 7.9060150146
1839600 8.2544494629
1840200 8.5108123779
1840800 8.7671752930
1841400 9.0235382080
1842000 9.2799011230
1842600 9.5362640381
1843200 9.7926269531
1843800 9.9810729980
1844400 10.1695190430
1845000 10.3579650879
1845600 10.5464111328
1846200 10.7348571777
1846800 10.9233032227
1847400 11.0761047363
1848000 11.2289062500
1848600 11.3817077637
1849200 11.5345092773
1849800 11.6873107910
1850400 11.8401123047
1851000 11.9317159017
1851600 12.0233194987
1852200 12.1149230957
1852800 12.2065266927
1853400 12.2981302897
1854000 12.3897338867
1854600 12.4959960938
1855200 12.6022583008
1855800 12.7085205078
1856400 12.8147827148
1857000 12.9210449219
1857600 13.0273071289
1858200 13.0584808350
1858800 13.0896545410
1859400 13.1208282471
1860000 13.1520019531
1860600 13.1831756592
1861200 13.2143493652
1861800 13.2068674723
1862400 13.1993855794
1863000 13.1919036865
1863600 13.1844217936
1864200 13.1769399007
1864800 13.1694580078
1865400 13.1390421549
1866000 13.1086263021
1866600 13.0782104492
1867200 13.0477945964
1867800 13.0173787435
1868400 12.9869628906
1869000 12.8534230550
1869600 12.7198832194
1870200 12.5863433838
1870800 12.4528035482
1871400 12.3192637126
1872000 12.1857238770
1872600 11.9691660563
1873200 11.7526082357
1873800 11.5360504150
1874400 11.3194925944
1875000 11.1029347738
1875600 10.8863769531
1876200 10.7063944499
1876800 10.5264119466
1877400 10.3464294434
1878000 10.1664469401
1878600 9.9864644368
1879200 9.8064819336
1879800 9.5723561605
1880400 9.3382303874
1881000 9.1041046143
1881600 8.8699788411
1882200 8.6358530680
1882800 8.4017272949
1883400 8.1655364990
1884000 7.9293457031
1884600 7.6931549072
1885200 7.4569641113
1885800 7.2207733154
1886400 6.9845825195
1887000 6.9545430501
1887600 6.9245035807
1888200 6.8944641113
1888800 6.8644246419
1889400 6.8343851725
1890000 6.8043457031
1890600 6.7185201009
1891200 6.6326944987
1891800 6.5468688965
1892400 6.4610432943
1893000 6.3752176921
1893600 6.2893920898
1894200 6.2481170654
1894800 6.2068420410
1895400 6.1655670166
1896000 6.1242919922
1896600 6.0830169678
1897200 6.0417419434
1897800 6.0061533610
1898400 5.9705647786
1899000 5.9349761963
1899600 5.8993876139
1900200 5.8637990316
1900800 5.8282104492
