# time temperature 2m
0 15.879602050781273
3600 15.413110351562523
7200 15.219384765625023
10800 14.772241210937523
14400 14.667871093750023
18000 15.705102539062523
21600 17.445642089843773
25200 19.360925292968773
28800 20.901116943359398
32400 22.211175537109398
36000 23.537347412109398
39600 24.282128906250023
43200 24.845391845703148
46800 25.171533203125023
50400 25.192376708984398
54000 25.086877441406273
57600 24.164025878906273
61200 23.179467773437523
64800 22.026147460937523
68400 19.895166015625023
72000 19.266015625000023
75600 18.597619628906273
79200 18.117272949218773
82800 17.285546875000023
86400 16.771142578125023
90000 16.323876953125023
93600 15.964318847656273
97200 15.701257324218773
100800 15.537377929687523
104400 16.759301757812523
108000 18.193597412109398
111600 19.252160644531273
115200 19.861230468750023
118800 20.79364929199221
122400 21.193292236328148
126000 21.516046142578148
129600 21.481439208984398
133200 21.639672851562523
136800 21.798577880859398
140400 21.514031982421898
144000 20.965356445312523
147600 20.482873535156273
151200 19.835473632812523
154800 18.680108642578148
158400 18.215753173828148
162000 17.622216796875023
165600 17.179254150390648
169200 16.804284667968773
172800 16.658044433593773
176400 16.459008789062523
180000 16.309014892578148
183600 16.071343994140648
187200 15.627893066406273
190800 15.933465576171898
194400 17.310296630859398
198000 17.700067138671898
201600 18.963616943359398
205200 20.120935058593773
208800 21.307946777343773
212400 21.965692138671898
216000 22.775354003906273
219600 23.088159179687523
223200 23.245080566406273
226800 23.201928710937523
230400 22.723992919921898
234000 22.084222412109398
237600 21.328454589843773
241200 19.943017578125023
244800 18.922540283203148
248400 18.084100341796898
252000 17.771112060546898
255600 17.423303222656273
259200 16.955041503906273
262800 16.504998779296898
266400 16.328454589843773
270000 16.017022705078148
273600 16.092065429687523
277200 16.368005371093773
280800 16.800286865234398
284400 17.435174560546898
288000 17.965661621093773
291600 18.315026855468773
295200 18.721643066406273
298800 19.828210449218773
302400 20.212487792968773
306000 18.304040527343773
309600 18.272424316406273
313200 18.254541015625023
316800 18.784753417968773
320400 18.676416015625023
324000 18.187585449218773
327600 17.243554687500023
331200 17.018640136718773
334800 16.732934570312523
338400 16.361505126953148
342000 15.944268798828148
345600 15.605798339843773
349200 14.920068359375023
352800 14.576928710937523
356400 14.474877929687523
360000 14.678948974609398
363600 15.241906738281273
367200 15.866296386718773
370800 16.661370849609398
374400 17.634454345703148
378000 18.103845214843773
381600 19.246423339843773
385200 19.870233154296898
388800 20.623956298828148
392400 20.796197509765648
396000 20.869989013671898
399600 20.865930175781273
403200 20.533166503906273
406800 20.160821533203148
410400 19.159661865234398
414000 17.936151123046898
417600 16.720941162109398
421200 15.884667968750023
424800 15.150598144531273
428400 14.406091308593773
432000 13.991082763671898
