# campaign: 2024-09-08 00:00:00 2024-09-30 00:00:00
# time[s] windspeed 10m [m/s]
0 1.8147799844
600 1.8105214538
1200 1.8062629231
1800 1.8020043924
2400 1.7977458618
3000 1.7934873311
3600 1.7892288004
4200 1.8011049927
4800 1.8129811849
5400 1.8248573772
6000 1.8367335694
6600 1.8486097617
7200 1.8604859539
7800 1.8600793057
8400 1.8596726574
9000 1.8592660091
9600 1.8588593609
10200 1.8584527126
10800 1.8580460643
11400 1.8345305559
12000 1.8110150475
12600 1.7874995390
13200 1.7639840306
13800 1.7404685221
14400 1.7169530137
15000 1.7219484790
15600 1.7269439444
16200 1.7319394097
16800 1.7369348751
17400 1.7419303404
18000 1.7469258057
18600 1.8241610612
19200 1.9013963166
19800 1.9786315721
20400 2.0558668275
21000 2.1331020830
21600 2.2103373384
22200 2.2242248791
22800 2.2381124198
23400 2.2519999605
24000 2.2658875011
24600 2.2797750418
25200 2.2936625825
25800 2.2925176045
26400 2.2913726265
27000 2.2902276485
27600 2.2890826705
28200 2.2879376925
28800 2.2867927145
29400 2.2360879241
30000 2.1853831337
30600 2.1346783433
31200 2.0839735529
31800 2.0332687625
32400 1.9825639721
33000 1.9272392676
33600 1.8719145631
34200 1.8165898586
34800 1.7612651541
35400 1.7059404496
36000 1.6506157451
36600 1.8164705482
37200 1.9823253513
37800 2.1481801544
38400 2.3140349575
39000 2.4798897606
39600 2.6457445637
40200 2.7037188810
40800 2.7616931984
41400 2.8196675158
42000 2.8776418331
42600 2.9356161505
43200 2.9935904679
43800 3.0069556852
44400 3.0203209026
45000 3.0336861199
45600 3.0470513373
46200 3.0604165546
46800 3.0737817720
47400 3.0677618815
48000 3.0617419910
48600 3.0557221005
49200 3.0497022099
49800 3.0436823194
50400 3.0376624289
51000 3.0520188457
51600 3.0663752625
52200 3.0807316793
52800 3.0950880961
53400 3.1094445129
54000 3.1238009297
54600 3.0526232443
55200 2.9814455589
55800 2.9102678734
56400 2.8390901880
57000 2.7679125026
57600 2.6967348171
58200 2.5574299544
58800 2.4181250917
59400 2.2788202290
60000 2.1395153663
60600 2.0002105036
61200 1.8609056409
61800 1.9145739214
62400 1.9682422020
63000 2.0219104825
63600 2.0755787631
64200 2.1292470437
64800 2.1829153242
65400 2.2820788718
66000 2.3812424193
66600 2.4804059669
67200 2.5795695144
67800 2.6787330620
68400 2.7778966095
69000 2.8159993131
69600 2.8541020166
70200 2.8922047202
70800 2.9303074238
71400 2.9684101273
72000 3.0065128309
72600 3.0160227366
73200 3.0255326423
73800 3.0350425480
74400 3.0445524537
75000 3.0540623594
75600 3.0635722651
76200 2.7788445801
76800 2.4941168952
77400 2.2093892102
78000 1.9246615253
78600 1.6399338403
79200 1.3552061554
79800 1.2958418654
80400 1.2364775754
81000 1.1771132854
81600 1.1177489954
82200 1.0583847054
82800 0.9990204154
83400 0.9210209573
84000 0.8430214991
84600 0.7650220410
85200 0.6870225828
85800 0.6090231246
86400 0.5310236665
87000 0.5287420114
87600 0.5264603564
88200 0.5241787013
88800 0.5218970463
89400 0.5196153912
90000 0.5173337362
90600 0.5861432836
91200 0.6549528310
91800 0.7237623783
92400 0.7925719257
93000 0.8613814731
93600 0.9301910205
94200 1.1168350032
94800 1.3034789859
95400 1.4901229685
96000 1.6767669512
96600 1.8634109339
97200 2.0500549165
97800 2.2646996896
98400 2.4793444626
99000 2.6939892356
99600 2.9086340086
100200 3.1232787816
100800 3.3379235546
101400 3.5217831037
102000 3.7056426529
102600 3.8895022021
103200 4.0733617513
103800 4.2572213004
104400 4.4410808496
105000 4.4945980608
105600 4.5481152721
106200 4.6016324833
106800 4.6551496946
107400 4.7086669058
108000 4.7621841170
108600 4.8426571761
109200 4.9231302352
109800 5.0036032942
110400 5.0840763533
111000 5.1645494123
111600 5.2450224714
112200 5.2783912585
112800 5.3117600456
113400 5.3451288327
114000 5.3784976198
114600 5.4118664069
115200 5.4452351940
115800 5.3902092825
116400 5.3351833710
117000 5.2801574595
117600 5.2251315480
118200 5.1701056365
118800 5.1150797249
119400 5.0102745530
120000 4.9054693810
120600 4.8006642090
121200 4.6958590371
121800 4.5910538651
122400 4.4862486932
123000 4.5997840631
123600 4.7133194331
124200 4.8268548031
124800 4.9403901730
125400 5.0539255430
126000 5.1674609130
126600 5.1363242260
127200 5.1051875391
127800 5.0740508522
128400 5.0429141652
129000 5.0117774783
129600 4.9806407914
130200 4.8211219836
130800 4.6616031758
131400 4.5020843680
132000 4.3425655602
132600 4.1830467524
133200 4.0235279446
133800 4.0906171483
134400 4.1577063520
135000 4.2247955557
135600 4.2918847594
136200 4.3589739631
136800 4.4260631668
137400 4.4556335563
138000 4.4852039459
138600 4.5147743355
139200 4.5443447250
139800 4.5739151146
140400 4.6034855042
141000 4.5762362238
141600 4.5489869434
142200 4.5217376630
142800 4.4944883826
143400 4.4672391022
144000 4.4399898218
144600 4.3346949906
145200 4.2294001593
145800 4.1241053281
146400 4.0188104969
147000 3.9135156656
147600 3.8082208344
148200 3.7930976376
148800 3.7779744408
149400 3.7628512440
150000 3.7477280472
150600 3.7326048504
151200 3.7174816536
151800 3.7685431992
152400 3.8196047449
153000 3.8706662905
153600 3.9217278361
154200 3.9727893818
154800 4.0238509274
155400 4.0110283384
156000 3.9982057494
156600 3.9853831605
157200 3.9725605715
157800 3.9597379825
158400 3.9469153936
159000 3.8860981558
159600 3.8252809180
160200 3.7644636802
160800 3.7036464424
161400 3.6428292046
162000 3.5820119668
162600 3.5398618529
163200 3.4977117389
163800 3.4555616250
164400 3.4134115111
165000 3.3712613971
165600 3.3291112832
166200 3.4103900962
166800 3.4916689092
167400 3.5729477222
168000 3.6542265352
168600 3.7355053482
169200 3.8167841613
169800 3.7994776724
170400 3.7821711836
171000 3.7648646948
171600 3.7475582060
172200 3.7302517172
172800 3.7129452284
173400 3.7163020155
174000 3.7196588026
174600 3.7230155897
175200 3.7263723768
175800 3.7297291639
176400 3.7330859510
177000 3.6898585719
177600 3.6466311927
178200 3.6034038136
178800 3.5601764344
179400 3.5169490553
180000 3.4737216761
180600 3.4133741528
181200 3.3530266294
181800 3.2926791060
182400 3.2323315826
183000 3.1719840592
183600 3.1116365358
184200 3.0439256901
184800 2.9762148443
185400 2.9085039985
186000 2.8407931528
186600 2.7730823070
187200 2.7053714613
187800 2.7019850337
188400 2.6985986062
189000 2.6952121786
189600 2.6918257511
190200 2.6884393235
190800 2.6850528960
191400 2.7256905197
192000 2.7663281434
192600 2.8069657672
193200 2.8476033909
193800 2.8882410146
194400 2.9288786383
195000 2.9835910261
195600 3.0383034138
196200 3.0930158015
196800 3.1477281893
197400 3.2024405770
198000 3.2571529647
198600 3.2867971957
199200 3.3164414267
199800 3.3460856577
200400 3.3757298888
201000 3.4053741198
201600 3.4350183508
202200 3.4514550835
202800 3.4678918163
203400 3.4843285491
204000 3.5007652818
204600 3.5172020146
205200 3.5336387473
205800 3.5488009214
206400 3.5639630955
207000 3.5791252696
207600 3.5942874437
208200 3.6094496179
208800 3.6246117920
209400 3.6299782850
210000 3.6353447781
210600 3.6407112712
211200 3.6460777643
211800 3.6514442574
212400 3.6568107505
213000 3.7037322499
213600 3.7506537492
214200 3.7975752485
214800 3.8444967479
215400 3.8914182472
216000 3.9383397466
216600 4.0096861844
217200 4.0810326223
217800 4.1523790602
218400 4.2237254980
219000 4.2950719359
219600 4.3664183737
220200 4.4175865288
220800 4.4687546839
221400 4.5199228390
222000 4.5710909940
222600 4.6222591491
223200 4.6734273042
223800 4.6782601753
224400 4.6830930464
225000 4.6879259176
225600 4.6927587887
226200 4.6975916598
226800 4.7024245309
227400 4.6646510361
228000 4.6268775414
228600 4.5891040466
229200 4.5513305518
229800 4.5135570570
230400 4.4757835622
231000 4.3141939631
231600 4.1526043639
232200 3.9910147647
232800 3.8294251655
233400 3.6678355664
234000 3.5062459672
234600 3.3447931912
235200 3.1833404153
235800 3.0218876393
236400 2.8604348633
237000 2.6989820874
237600 2.5375293114
238200 2.5245638811
238800 2.5115984507
239400 2.4986330204
240000 2.4856675901
240600 2.4727021597
241200 2.4597367294
241800 2.5126958369
242400 2.5656549443
243000 2.6186140518
243600 2.6715731592
244200 2.7245322667
244800 2.7774913742
245400 2.8593023096
246000 2.9411132450
246600 3.0229241805
247200 3.1047351159
247800 3.1865460513
248400 3.2683569868
249000 3.2532995360
249600 3.2382420853
250200 3.2231846346
250800 3.2081271839
251400 3.1930697332
252000 3.1780122825
252600 3.2060260793
253200 3.2340398761
253800 3.2620536729
254400 3.2900674698
255000 3.3180812666
255600 3.3460950634
256200 3.3695022932
256800 3.3929095229
257400 3.4163167526
258000 3.4397239824
258600 3.4631312121
259200 3.4865384418
259800 3.5056801272
260400 3.5248218125
261000 3.5439634978
261600 3.5631051831
262200 3.5822468685
262800 3.6013885538
263400 3.6792309020
264000 3.7570732503
264600 3.8349155985
265200 3.9127579468
265800 3.9906002950
266400 4.0684426433
267000 4.1302536410
267600 4.1920646387
268200 4.2538756365
268800 4.3156866342
269400 4.3774976320
270000 4.4393086297
270600 4.4490484540
271200 4.4587882782
271800 4.4685281025
272400 4.4782679268
273000 4.4880077511
273600 4.4977475753
274200 4.4747539218
274800 4.4517602683
275400 4.4287666147
276000 4.4057729612
276600 4.3827793077
277200 4.3597856541
277800 4.3243023331
278400 4.2888190120
279000 4.2533356910
279600 4.2178523700
280200 4.1823690489
280800 4.1468857279
281400 4.4939233527
282000 4.8409609776
282600 5.1879986024
283200 5.5350362273
283800 5.8820738521
284400 6.2291114770
285000 6.5250478270
285600 6.8209841769
286200 7.1169205269
286800 7.4128568769
287400 7.7087932269
288000 8.0047295769
288600 7.9003091831
289200 7.7958887893
289800 7.6914683955
290400 7.5870480017
291000 7.4826276079
291600 7.3782072141
292200 7.1390170432
292800 6.8998268724
293400 6.6606367015
294000 6.4214465306
294600 6.1822563598
295200 5.9430661889
295800 5.9305562016
296400 5.9180462142
297000 5.9055362268
297600 5.8930262395
298200 5.8805162521
298800 5.8680062647
299400 5.8924932004
300000 5.9169801361
300600 5.9414670719
301200 5.9659540076
301800 5.9904409433
302400 6.0149278790
303000 6.0197229832
303600 6.0245180875
304200 6.0293131917
304800 6.0341082960
305400 6.0389034003
306000 6.0436985045
306600 6.0142222640
307200 5.9847460234
307800 5.9552697828
308400 5.9257935423
309000 5.8963173017
309600 5.8668410612
310200 5.6973963076
310800 5.5279515540
311400 5.3585068005
312000 5.1890620469
312600 5.0196172934
313200 4.8501725398
313800 4.6762933103
314400 4.5024140807
315000 4.3285348512
315600 4.1546556217
316200 3.9807763921
316800 3.8068971626
317400 3.6721328457
318000 3.5373685289
318600 3.4026042120
319200 3.2678398951
319800 3.1330755782
320400 2.9983112614
321000 2.9567191186
321600 2.9151269759
322200 2.8735348332
322800 2.8319426904
323400 2.7903505477
324000 2.7487584050
324600 2.7301856690
325200 2.7116129331
325800 2.6930401971
326400 2.6744674611
327000 2.6558947252
327600 2.6373219892
328200 2.5773862606
328800 2.5174505319
329400 2.4575148033
330000 2.3975790747
330600 2.3376433461
331200 2.2777076175
331800 2.2963459984
332400 2.3149843793
333000 2.3336227603
333600 2.3522611412
334200 2.3708995221
334800 2.3895379031
335400 2.3796997767
336000 2.3698616503
336600 2.3600235238
337200 2.3501853974
337800 2.3403472710
338400 2.3305091446
339000 2.3853944194
339600 2.4402796941
340200 2.4951649689
340800 2.5500502437
341400 2.6049355185
342000 2.6598207933
342600 2.6556871626
343200 2.6515535319
343800 2.6474199012
344400 2.6432862706
345000 2.6391526399
345600 2.6350190092
346200 2.7105937726
346800 2.7861685359
347400 2.8617432993
348000 2.9373180626
348600 3.0128928260
349200 3.0884675893
349800 3.1263543646
350400 3.1642411399
351000 3.2021279152
351600 3.2400146905
352200 3.2779014658
352800 3.3157882411
353400 3.2871504450
354000 3.2585126488
354600 3.2298748527
355200 3.2012370565
355800 3.1725992604
356400 3.1439614642
357000 3.1256426715
357600 3.1073238787
358200 3.0890050860
358800 3.0706862933
359400 3.0523675005
360000 3.0340487078
360600 2.9724854103
361200 2.9109221127
361800 2.8493588151
362400 2.7877955176
363000 2.7262322200
363600 2.6646689225
364200 2.6767512786
364800 2.6888336347
365400 2.7009159908
366000 2.7129983469
366600 2.7250807030
367200 2.7371630592
367800 2.7265876543
368400 2.7160122495
369000 2.7054368447
369600 2.6948614398
370200 2.6842860350
370800 2.6737106302
371400 2.6139012913
372000 2.5540919524
372600 2.4942826135
373200 2.4344732746
373800 2.3746639357
374400 2.3148545968
375000 2.3145798258
375600 2.3143050549
376200 2.3140302839
376800 2.3137555129
377400 2.3134807419
378000 2.3132059709
378600 2.0731776929
379200 1.8331494150
379800 1.5931211370
380400 1.3530928590
381000 1.1130645810
381600 0.8730363030
382200 0.8728626659
382800 0.8726890287
383400 0.8725153915
384000 0.8723417543
384600 0.8721681171
385200 0.8719944799
385800 0.8774822089
386400 0.8829699378
387000 0.8884576668
387600 0.8939453957
388200 0.8994331247
388800 0.9049208536
389400 0.9356084393
390000 0.9662960250
390600 0.9969836107
391200 1.0276711964
391800 1.0583587821
392400 1.0890463678
393000 1.0634023575
393600 1.0377583472
394200 1.0121143369
394800 0.9864703265
395400 0.9608263162
396000 0.9351823059
396600 0.8834029079
397200 0.8316235099
397800 0.7798441119
398400 0.7280647140
399000 0.6762853160
399600 0.6245059180
400200 0.6315368958
400800 0.6385678735
401400 0.6455988513
402000 0.6526298290
402600 0.6596608068
403200 0.6666917845
403800 0.6491664142
404400 0.6316410440
405000 0.6141156737
405600 0.5965903034
406200 0.5790649331
406800 0.5615395629
407400 0.5894068748
408000 0.6172741868
408600 0.6451414988
409200 0.6730088108
409800 0.7008761228
410400 0.7287434348
411000 0.7603150457
411600 0.7918866566
412200 0.8234582675
412800 0.8550298785
413400 0.8866014894
414000 0.9181731003
414600 0.9299102576
415200 0.9416474150
415800 0.9533845723
416400 0.9651217296
417000 0.9768588870
417600 0.9885960443
418200 1.0108395996
418800 1.0330831549
419400 1.0553267102
420000 1.0775702655
420600 1.0998138208
421200 1.1220573761
421800 1.1930112172
422400 1.2639650583
423000 1.3349188995
423600 1.4058727406
424200 1.4768265817
424800 1.5477804229
425400 1.4723117737
426000 1.3968431244
426600 1.3213744752
427200 1.2459058260
427800 1.1704371768
428400 1.0949685276
429000 1.1170415879
429600 1.1391146482
430200 1.1611877085
430800 1.1832607687
431400 1.2053338290
432000 1.2274068893
432600 1.2894225100
433200 1.3514381307
433800 1.4134537514
434400 1.4754693721
435000 1.5374849928
435600 1.5995006135
436200 1.6889579044
436800 1.7784151953
437400 1.8678724863
438000 1.9573297772
438600 2.0467870681
439200 2.1362443591
439800 2.1177972047
440400 2.0993500504
441000 2.0809028961
441600 2.0624557418
442200 2.0440085875
442800 2.0255614332
443400 2.0152380964
444000 2.0049147595
444600 1.9945914227
445200 1.9842680858
445800 1.9739447490
446400 1.9636214121
447000 2.1267847352
447600 2.2899480583
448200 2.4531113814
448800 2.6162747044
449400 2.7794380275
450000 2.9426013506
450600 3.0769295226
451200 3.2112576946
451800 3.3455858666
452400 3.4799140386
453000 3.6142422106
453600 3.7485703826
454200 3.8903555757
454800 4.0321407689
455400 4.1739259621
456000 4.3157111552
456600 4.4574963484
457200 4.5992815416
457800 4.5821222610
458400 4.5649629804
459000 4.5478036998
459600 4.5306444193
460200 4.5134851387
460800 4.4963258581
461400 4.5381180041
462000 4.5799101500
462600 4.6217022960
463200 4.6634944419
463800 4.7052865879
464400 4.7470787338
465000 4.6829458912
465600 4.6188130486
466200 4.5546802060
466800 4.4905473633
467400 4.4264145207
468000 4.3622816781
468600 4.4292024101
469200 4.4961231422
469800 4.5630438742
470400 4.6299646063
471000 4.6968853383
471600 4.7638060703
472200 4.9090557204
472800 5.0543053705
473400 5.1995550206
474000 5.3448046707
474600 5.4900543208
475200 5.6353039709
475800 5.6267636190
476400 5.6182232671
477000 5.6096829151
477600 5.6011425632
478200 5.5926022113
478800 5.5840618593
479400 5.6627295440
480000 5.7413972286
480600 5.8200649133
481200 5.8987325979
481800 5.9774002825
482400 6.0560679672
483000 6.1366971598
483600 6.2173263524
484200 6.2979555450
484800 6.3785847376
485400 6.4592139302
486000 6.5398431227
486600 6.5884873232
487200 6.6371315236
487800 6.6857757240
488400 6.7344199244
489000 6.7830641248
489600 6.8317083253
490200 6.8347796372
490800 6.8378509491
491400 6.8409222610
492000 6.8439935729
492600 6.8470648848
493200 6.8501361967
493800 6.8338064544
494400 6.8174767120
495000 6.8011469697
495600 6.7848172273
496200 6.7684874850
496800 6.7521577426
497400 6.8083969059
498000 6.8646360691
498600 6.9208752323
499200 6.9771143955
499800 7.0333535588
500400 7.0895927220
501000 7.1687523894
501600 7.2479120567
502200 7.3270717241
502800 7.4062313915
503400 7.4853910588
504000 7.5645507262
504600 7.6455322718
505200 7.7265138175
505800 7.8074953631
506400 7.8884769087
507000 7.9694584544
507600 8.0504400000
508200 7.8116453127
508800 7.5728506254
509400 7.3340559381
510000 7.0952612508
510600 6.8564665635
511200 6.6176718762
511800 6.7383392963
512400 6.8590067164
513000 6.9796741365
513600 7.1003415566
514200 7.2210089766
514800 7.3416763967
515400 7.4200043761
516000 7.4983323554
516600 7.5766603348
517200 7.6549883141
517800 7.7333162934
518400 7.8116442728
519000 7.9373348628
519600 8.0630254528
520200 8.1887160428
520800 8.3144066328
521400 8.4400972228
522000 8.5657878128
522600 8.6376720981
523200 8.7095563835
523800 8.7814406688
524400 8.8533249541
525000 8.9252092394
525600 8.9970935247
526200 8.9780319006
526800 8.9589702765
527400 8.9399086524
528000 8.9208470283
528600 8.9017854042
529200 8.8827237801
529800 8.8602299049
530400 8.8377360297
531000 8.8152421545
531600 8.7927482793
532200 8.7702544041
532800 8.7477605289
533400 8.7269391909
534000 8.7061178530
534600 8.6852965150
535200 8.6644751771
535800 8.6436538391
536400 8.6228325012
537000 8.6275647976
537600 8.6322970940
538200 8.6370293904
538800 8.6417616869
539400 8.6464939833
540000 8.6512262797
540600 8.6701526589
541200 8.6890790380
541800 8.7080054171
542400 8.7269317962
543000 8.7458581753
543600 8.7647845544
544200 8.7603133038
544800 8.7558420531
545400 8.7513708024
546000 8.7468995517
546600 8.7424283011
547200 8.7379570504
547800 8.7065144080
548400 8.6750717656
549000 8.6436291232
549600 8.6121864808
550200 8.5807438384
550800 8.5493011960
551400 8.2827438054
552000 8.0161864147
552600 7.7496290240
553200 7.4830716333
553800 7.2165142427
554400 6.9499568520
555000 7.0058089553
555600 7.0616610586
556200 7.1175131618
556800 7.1733652651
557400 7.2292173684
558000 7.2850694717
558600 7.3147583878
559200 7.3444473038
559800 7.3741362199
560400 7.4038251360
561000 7.4335140521
561600 7.4632029682
562200 7.8096163363
562800 8.1560297044
563400 8.5024430726
564000 8.8488564407
564600 9.1952698089
565200 9.5416831770
565800 9.2835164666
566400 9.0253497562
567000 8.7671830459
567600 8.5090163355
568200 8.2508496251
568800 7.9926829148
569400 8.0235279913
570000 8.0543730678
570600 8.0852181444
571200 8.1160632209
571800 8.1469082975
572400 8.1777533740
573000 8.1322929484
573600 8.0868325227
574200 8.0413720970
574800 7.9959116713
575400 7.9504512456
576000 7.9049908199
576600 7.8239051788
577200 7.7428195377
577800 7.6617338966
578400 7.5806482554
579000 7.4995626143
579600 7.4184769732
580200 7.4077881981
580800 7.3970994230
581400 7.3864106479
582000 7.3757218729
582600 7.3650330978
583200 7.3543443227
583800 7.3782481203
584400 7.4021519179
585000 7.4260557156
585600 7.4499595132
586200 7.4738633108
586800 7.4977671085
587400 7.5087609091
588000 7.5197547096
588600 7.5307485102
589200 7.5417423108
589800 7.5527361113
590400 7.5637299119
591000 7.5548528605
591600 7.5459758092
592200 7.5370987578
592800 7.5282217064
593400 7.5193446550
594000 7.5104676037
594600 7.3795923036
595200 7.2487170036
595800 7.1178417036
596400 6.9869664036
597000 6.8560911035
597600 6.7252158035
598200 6.7570655532
598800 6.7889153029
599400 6.8207650526
600000 6.8526148023
600600 6.8844645519
601200 6.9163143016
601800 6.9127285952
602400 6.9091428888
603000 6.9055571824
603600 6.9019714760
604200 6.8983857696
604800 6.8948000632
605400 6.8802176547
606000 6.8656352462
606600 6.8510528377
607200 6.8364704292
607800 6.8218880207
608400 6.8073056123
609000 6.8401084153
609600 6.8729112184
610200 6.9057140214
610800 6.9385168245
611400 6.9713196275
612000 7.0041224306
612600 7.0711868267
613200 7.1382512229
613800 7.2053156191
614400 7.2723800152
615000 7.3394444114
615600 7.4065088076
616200 7.4359617483
616800 7.4654146890
617400 7.4948676297
618000 7.5243205704
618600 7.5537735111
619200 7.5832264518
619800 7.5967282124
620400 7.6102299729
621000 7.6237317335
621600 7.6372334940
622200 7.6507352545
622800 7.6642370151
623400 7.5193408956
624000 7.3744447760
624600 7.2295486565
625200 7.0846525370
625800 6.9397564174
626400 6.7948602979
627000 6.9177924777
627600 7.0407246576
628200 7.1636568374
628800 7.2865890172
629400 7.4095211970
630000 7.5324533768
630600 7.6282742599
631200 7.7240951430
631800 7.8199160261
632400 7.9157369092
633000 8.0115577923
633600 8.1073786754
634200 8.1090062552
634800 8.1106338351
635400 8.1122614150
636000 8.1138889948
636600 8.1155165747
637200 8.1171441546
637800 7.5857223062
638400 7.0543004578
639000 6.5228786094
639600 5.9914567610
640200 5.4600349126
640800 4.9286130642
641400 5.0041034080
642000 5.0795937518
642600 5.1550840956
643200 5.2305744394
643800 5.3060647832
644400 5.3815551270
645000 5.3689180774
645600 5.3562810279
646200 5.3436439783
646800 5.3310069287
647400 5.3183698791
648000 5.3057328296
648600 5.2869752904
649200 5.2682177511
649800 5.2494602119
650400 5.2307026727
651000 5.2119451335
651600 5.1931875942
652200 5.2055507941
652800 5.2179139941
653400 5.2302771940
654000 5.2426403939
654600 5.2550035938
655200 5.2673667937
655800 5.2627738289
656400 5.2581808641
657000 5.2535878992
657600 5.2489949344
658200 5.2444019696
658800 5.2398090048
659400 5.1540988847
660000 5.0683887646
660600 4.9826786444
661200 4.8969685243
661800 4.8112584042
662400 4.7255482841
663000 4.6553463212
663600 4.5851443584
664200 4.5149423955
664800 4.4447404327
665400 4.3745384698
666000 4.3043365070
666600 4.2950181415
667200 4.2856997761
667800 4.2763814106
668400 4.2670630452
669000 4.2577446798
669600 4.2484263143
670200 4.2524221245
670800 4.2564179346
671400 4.2604137448
672000 4.2644095549
672600 4.2684053651
673200 4.2724011752
673800 4.2609976432
674400 4.2495941113
675000 4.2381905793
675600 4.2267870473
676200 4.2153835153
676800 4.2039799833
677400 4.1846219040
678000 4.1652638247
678600 4.1459057454
679200 4.1265476661
679800 4.1071895868
680400 4.0878315075
681000 3.9871269261
681600 3.8864223447
682200 3.7857177633
682800 3.6850131818
683400 3.5843086004
684000 3.4836040190
684600 3.4928154662
685200 3.5020269133
685800 3.5112383605
686400 3.5204498076
687000 3.5296612548
687600 3.5388727019
688200 3.5586466772
688800 3.5784206525
689400 3.5981946278
690000 3.6179686031
690600 3.6377425784
691200 3.6575165537
691800 3.7202401373
692400 3.7829637209
693000 3.8456873045
693600 3.9084108881
694200 3.9711344717
694800 4.0338580553
695400 4.0015540738
696000 3.9692500923
696600 3.9369461108
697200 3.9046421293
697800 3.8723381478
698400 3.8400341663
699000 3.8935876280
699600 3.9471410897
700200 4.0006945515
700800 4.0542480132
701400 4.1078014749
702000 4.1613549366
702600 4.2294706261
703200 4.2975863157
703800 4.3657020052
704400 4.4338176947
705000 4.5019333843
705600 4.5700490738
706200 4.5926494544
706800 4.6152498350
707400 4.6378502156
708000 4.6604505962
708600 4.6830509767
709200 4.7056513573
709800 4.7110257577
710400 4.7164001580
711000 4.7217745584
711600 4.7271489587
712200 4.7325233591
712800 4.7378977594
713400 4.7632537209
714000 4.7886096824
714600 4.8139656439
715200 4.8393216054
715800 4.8646775668
716400 4.8900335283
717000 4.9623032071
717600 5.0345728860
718200 5.1068425648
718800 5.1791122436
719400 5.2513819224
720000 5.3236516013
720600 5.4450675810
721200 5.5664835607
721800 5.6878995405
722400 5.8093155202
723000 5.9307315000
723600 6.0521474797
724200 5.8347862553
724800 5.6174250308
725400 5.4000638063
726000 5.1827025819
726600 4.9653413574
727200 4.7479801329
727800 4.8786295667
728400 5.0092790004
729000 5.1399284341
729600 5.2705778679
730200 5.4012273016
730800 5.5318767353
731400 5.5559864176
732000 5.5800960998
732600 5.6042057821
733200 5.6283154644
733800 5.6524251466
734400 5.6765348289
735000 5.7250894407
735600 5.7736440524
736200 5.8221986642
736800 5.8707532760
737400 5.9193078877
738000 5.9678624995
738600 5.9558028637
739200 5.9437432279
739800 5.9316835921
740400 5.9196239563
741000 5.9075643205
741600 5.8955046847
742200 5.7901743486
742800 5.6848440125
743400 5.5795136763
744000 5.4741833402
744600 5.3688530041
745200 5.2635226680
745800 5.4024986344
746400 5.5414746007
747000 5.6804505670
747600 5.8194265334
748200 5.9584024997
748800 6.0973784660
749400 6.1242717325
750000 6.1511649990
750600 6.1780582655
751200 6.2049515319
751800 6.2318447984
752400 6.2587380649
753000 6.2659155503
753600 6.2730930356
754200 6.2802705210
754800 6.2874480064
755400 6.2946254917
756000 6.3018029771
756600 6.2765681822
757200 6.2513333874
757800 6.2260985925
758400 6.2008637977
759000 6.1756290028
759600 6.1503942080
760200 6.0831143505
760800 6.0158344931
761400 5.9485546356
762000 5.8812747782
762600 5.8139949207
763200 5.7467150633
763800 5.6362198103
764400 5.5257245573
765000 5.4152293043
765600 5.3047340513
766200 5.1942387983
766800 5.0837435453
767400 4.9670404389
768000 4.8503373324
768600 4.7336342260
769200 4.6169311195
769800 4.5002280131
770400 4.3835249066
771000 4.2984498476
771600 4.2133747887
772200 4.1282997297
772800 4.0432246707
773400 3.9581496117
774000 3.8730745528
774600 3.8928454999
775200 3.9126164470
775800 3.9323873941
776400 3.9521583412
777000 3.9719292883
777600 3.9917002354
778200 3.9885658185
778800 3.9854314016
779400 3.9822969847
780000 3.9791625677
780600 3.9760281508
781200 3.9728937339
781800 3.9414647533
782400 3.9100357728
783000 3.8786067922
783600 3.8471778117
784200 3.8157488311
784800 3.7843198506
785400 3.7592073598
786000 3.7340948691
786600 3.7089823784
787200 3.6838698877
787800 3.6587573969
788400 3.6336449062
789000 3.6337901584
789600 3.6339354105
790200 3.6340806627
790800 3.6342259149
791400 3.6343711670
792000 3.6345164192
792600 3.6061085098
793200 3.5777006004
793800 3.5492926911
794400 3.5208847817
795000 3.4924768723
795600 3.4640689629
796200 3.4626234553
796800 3.4611779476
797400 3.4597324399
798000 3.4582869323
798600 3.4568414246
799200 3.4553959170
799800 3.3952556249
800400 3.3351153328
801000 3.2749750408
801600 3.2148347487
802200 3.1546944567
802800 3.0945541646
803400 3.1007216753
804000 3.1068891860
804600 3.1130566967
805200 3.1192242074
805800 3.1253917181
806400 3.1315592288
807000 3.1662756952
807600 3.2009921616
808200 3.2357086280
808800 3.2704250944
809400 3.3051415608
810000 3.3398580272
810600 3.2767657144
811200 3.2136734017
811800 3.1505810889
812400 3.0874887762
813000 3.0243964634
813600 2.9613041506
814200 3.0959853688
814800 3.2306665869
815400 3.3653478050
816000 3.5000290231
816600 3.6347102412
817200 3.7693914593
817800 3.8099150073
818400 3.8504385553
819000 3.8909621033
819600 3.9314856513
820200 3.9720091994
820800 4.0125327474
821400 3.9172566876
822000 3.8219806278
822600 3.7267045681
823200 3.6314285083
823800 3.5361524486
824400 3.4408763888
825000 3.4920330895
825600 3.5431897903
826200 3.5943464910
826800 3.6455031917
827400 3.6966598925
828000 3.7478165932
828600 3.6920988617
829200 3.6363811303
829800 3.5806633988
830400 3.5249456673
831000 3.4692279359
831600 3.4135102044
832200 3.3461904443
832800 3.2788706843
833400 3.2115509242
834000 3.1442311642
834600 3.0769114041
835200 3.0095916441
835800 2.9575472632
836400 2.9055028822
837000 2.8534585013
837600 2.8014141204
838200 2.7493697395
838800 2.6973253586
839400 2.6910717566
840000 2.6848181546
840600 2.6785645526
841200 2.6723109506
841800 2.6660573486
842400 2.6598037467
843000 2.6573757666
843600 2.6549477865
844200 2.6525198064
844800 2.6500918264
845400 2.6476638463
846000 2.6452358662
846600 2.6262247830
847200 2.6072136998
847800 2.5882026167
848400 2.5691915335
849000 2.5501804503
849600 2.5311693671
850200 2.5200846185
850800 2.5089998699
851400 2.4979151213
852000 2.4868303727
852600 2.4757456241
853200 2.4646608755
853800 2.5185897657
854400 2.5725186559
855000 2.6264475460
855600 2.6803764362
856200 2.7343053264
856800 2.7882342166
857400 2.7926861694
858000 2.7971381222
858600 2.8015900749
859200 2.8060420277
859800 2.8104939805
860400 2.8149459333
861000 2.8291304072
861600 2.8433148810
862200 2.8574993548
862800 2.8716838287
863400 2.8858683025
864000 2.9000527764
864600 2.9024193172
865200 2.9047858579
865800 2.9071523987
866400 2.9095189394
867000 2.9118854802
867600 2.9142520209
868200 2.8732423893
868800 2.8322327577
869400 2.7912231260
870000 2.7502134944
870600 2.7092038628
871200 2.6681942311
871800 2.6287415253
872400 2.5892888195
873000 2.5498361137
873600 2.5103834079
874200 2.4709307022
874800 2.4314779964
875400 2.4124678945
876000 2.3934577926
876600 2.3744476907
877200 2.3554375888
877800 2.3364274870
878400 2.3174173851
879000 2.3285250157
879600 2.3396326464
880200 2.3507402770
880800 2.3618479076
881400 2.3729555383
882000 2.3840631689
882600 2.4276951728
883200 2.4713271766
883800 2.5149591804
884400 2.5585911843
885000 2.6022231881
885600 2.6458551919
886200 2.6587896638
886800 2.6717241357
887400 2.6846586076
888000 2.6975930795
888600 2.7105275513
889200 2.7234620232
889800 2.8116360763
890400 2.8998101293
891000 2.9879841824
891600 3.0761582354
892200 3.1643322885
892800 3.2525063415
893400 3.3382838742
894000 3.4240614069
894600 3.5098389396
895200 3.5956164722
895800 3.6813940049
896400 3.7671715376
897000 3.7972180782
897600 3.8272646187
898200 3.8573111592
898800 3.8873576998
899400 3.9174042403
900000 3.9474507808
900600 3.9768354917
901200 4.0062202025
901800 4.0356049134
902400 4.0649896242
903000 4.0943743351
903600 4.1237590459
904200 4.2208443605
904800 4.3179296750
905400 4.4150149895
906000 4.5121003041
906600 4.6091856186
907200 4.7062709331
907800 4.7561784469
908400 4.8060859606
909000 4.8559934744
909600 4.9059009881
910200 4.9558085019
910800 5.0057160156
911400 4.8290654538
912000 4.6524148920
912600 4.4757643302
913200 4.2991137684
913800 4.1224632066
914400 3.9458126448
915000 3.9615697615
915600 3.9773268782
916200 3.9930839949
916800 4.0088411117
917400 4.0245982284
918000 4.0403553451
918600 3.9887648968
919200 3.9371744485
919800 3.8855840001
920400 3.8339935518
921000 3.7824031035
921600 3.7308126552
922200 3.6727283668
922800 3.6146440785
923400 3.5565597901
924000 3.4984755017
924600 3.4403912133
925200 3.3823069250
925800 3.3843196553
926400 3.3863323856
927000 3.3883451160
927600 3.3903578463
928200 3.3923705767
928800 3.3943833070
929400 3.3775504923
930000 3.3607176776
930600 3.3438848629
931200 3.3270520482
931800 3.3102192336
932400 3.2933864189
933000 3.2707782431
933600 3.2481700673
934200 3.2255618915
934800 3.2029537157
935400 3.1803455399
936000 3.1577373641
936600 3.1164905117
937200 3.0752436593
937800 3.0339968069
938400 2.9927499545
939000 2.9515031021
939600 2.9102562497
940200 2.8223980168
940800 2.7345397839
941400 2.6466815511
942000 2.5588233182
942600 2.4709650853
943200 2.3831068524
943800 2.3138515401
944400 2.2445962277
945000 2.1753409154
945600 2.1060856030
946200 2.0368302907
946800 1.9675749783
947400 2.0098831103
948000 2.0521912422
948600 2.0944993741
949200 2.1368075060
949800 2.1791156380
950400 2.2214237699
951000 2.2289445593
951600 2.2364653487
952200 2.2439861382
952800 2.2515069276
953400 2.2590277170
954000 2.2665485065
954600 2.2731570202
955200 2.2797655339
955800 2.2863740476
956400 2.2929825613
957000 2.2995910750
957600 2.3061995887
958200 2.2750702415
958800 2.2439408943
959400 2.2128115471
960000 2.1816821999
960600 2.1505528527
961200 2.1194235055
961800 2.1468959720
962400 2.1743684385
963000 2.2018409050
963600 2.2293133715
964200 2.2567858380
964800 2.2842583045
965400 2.2725339478
966000 2.2608095910
966600 2.2490852343
967200 2.2373608775
967800 2.2256365207
968400 2.2139121640
969000 2.2897150409
969600 2.3655179178
970200 2.4413207947
970800 2.5171236717
971400 2.5929265486
972000 2.6687294255
972600 2.7141650829
973200 2.7596007404
973800 2.8050363978
974400 2.8504720552
975000 2.8959077126
975600 2.9413433700
976200 3.0400895781
976800 3.1388357862
977400 3.2375819944
978000 3.3363282025
978600 3.4350744106
979200 3.5338206187
979800 3.5987544871
980400 3.6636883556
981000 3.7286222241
981600 3.7935560925
982200 3.8584899610
982800 3.9234238295
983400 3.9633362018
984000 4.0032485741
984600 4.0431609465
985200 4.0830733188
985800 4.1229856912
986400 4.1628980635
987000 4.1896961843
987600 4.2164943052
988200 4.2432924260
988800 4.2700905468
989400 4.2968886677
990000 4.3236867885
990600 4.3330605780
991200 4.3424343675
991800 4.3518081571
992400 4.3611819466
993000 4.3705557361
993600 4.3799295256
994200 4.3782178480
994800 4.3765061704
995400 4.3747944928
996000 4.3730828152
996600 4.3713711376
997200 4.3696594600
997800 4.3545030127
998400 4.3393465654
999000 4.3241901181
999600 4.3090336708
1000200 4.2938772235
1000800 4.2787207762
1001400 4.1769550172
1002000 4.0751892582
1002600 3.9734234993
1003200 3.8716577403
1003800 3.7698919813
1004400 3.6681262223
1005000 3.6140538362
1005600 3.5599814501
1006200 3.5059090640
1006800 3.4518366779
1007400 3.3977642918
1008000 3.3436919056
1008600 3.4079060036
1009200 3.4721201016
1009800 3.5363341996
1010400 3.6005482976
1011000 3.6647623956
1011600 3.7289764936
1012200 3.8337162583
1012800 3.9384560229
1013400 4.0431957876
1014000 4.1479355522
1014600 4.2526753169
1015200 4.3574150815
1015800 4.3396254576
1016400 4.3218358336
1017000 4.3040462097
1017600 4.2862565857
1018200 4.2684669618
1018800 4.2506773378
1019400 4.1148060120
1020000 3.9789346862
1020600 3.8430633603
1021200 3.7071920345
1021800 3.5713207087
1022400 3.4354493828
1023000 3.3138835018
1023600 3.1923176208
1024200 3.0707517397
1024800 2.9491858587
1025400 2.8276199777
1026000 2.7060540967
1026600 2.6365225647
1027200 2.5669910327
1027800 2.4974595007
1028400 2.4279279688
1029000 2.3583964368
1029600 2.2888649048
1030200 2.3034455262
1030800 2.3180261477
1031400 2.3326067691
1032000 2.3471873905
1032600 2.3617680120
1033200 2.3763486334
1033800 2.3776634348
1034400 2.3789782362
1035000 2.3802930376
1035600 2.3816078390
1036200 2.3829226405
1036800 2.3842374419
1037400 2.3426354651
1038000 2.3010334883
1038600 2.2594315115
1039200 2.2178295347
1039800 2.1762275579
1040400 2.1346255811
1041000 2.0918545841
1041600 2.0490835871
1042200 2.0063125901
1042800 1.9635415931
1043400 1.9207705961
1044000 1.8779995991
1044600 1.8732303971
1045200 1.8684611952
1045800 1.8636919932
1046400 1.8589227912
1047000 1.8541535893
1047600 1.8493843873
1048200 1.8902032838
1048800 1.9310221804
1049400 1.9718410769
1050000 2.0126599734
1050600 2.0534788699
1051200 2.0942977664
1051800 2.1020163633
1052400 2.1097349601
1053000 2.1174535570
1053600 2.1251721538
1054200 2.1328907507
1054800 2.1406093475
1055400 2.1588114456
1056000 2.1770135437
1056600 2.1952156419
1057200 2.2134177400
1057800 2.2316198381
1058400 2.2498219362
1059000 2.2249142513
1059600 2.2000065664
1060200 2.1750988815
1060800 2.1501911967
1061400 2.1252835118
1062000 2.1003758269
1062600 2.1584269219
1063200 2.2164780169
1063800 2.2745291119
1064400 2.3325802069
1065000 2.3906313019
1065600 2.4486823969
1066200 2.4818767967
1066800 2.5150711966
1067400 2.5482655965
1068000 2.5814599964
1068600 2.6146543963
1069200 2.6478487962
1069800 2.7016225160
1070400 2.7553962358
1071000 2.8091699556
1071600 2.8629436754
1072200 2.9167173953
1072800 2.9704911151
1073400 3.1027745004
1074000 3.2350578856
1074600 3.3673412709
1075200 3.4996246562
1075800 3.6319080415
1076400 3.7641914267
1077000 3.8448701303
1077600 3.9255488338
1078200 4.0062275374
1078800 4.0869062409
1079400 4.1675849445
1080000 4.2482636480
1080600 4.1580296628
1081200 4.0677956776
1081800 3.9775616925
1082400 3.8873277073
1083000 3.7970937221
1083600 3.7068597369
1084200 3.7365949291
1084800 3.7663301212
1085400 3.7960653134
1086000 3.8258005055
1086600 3.8555356977
1087200 3.8852708898
1087800 3.8087668573
1088400 3.7322628247
1089000 3.6557587922
1089600 3.5792547596
1090200 3.5027507271
1090800 3.4262466945
1091400 3.3485822779
1092000 3.2709178612
1092600 3.1932534445
1093200 3.1155890278
1093800 3.0379246111
1094400 2.9602601944
1095000 2.9345315560
1095600 2.9088029176
1096200 2.8830742792
1096800 2.8573456408
1097400 2.8316170023
1098000 2.8058883639
1098600 2.8360002073
1099200 2.8661120507
1099800 2.8962238941
1100400 2.9263357374
1101000 2.9564475808
1101600 2.9865594242
1102200 2.9871343630
1102800 2.9877093019
1103400 2.9882842407
1104000 2.9888591796
1104600 2.9894341184
1105200 2.9900090573
1105800 2.9483253428
1106400 2.9066416284
1107000 2.8649579140
1107600 2.8232741996
1108200 2.7815904851
1108800 2.7399067707
1109400 2.6991166786
1110000 2.6583265865
1110600 2.6175364945
1111200 2.5767464024
1111800 2.5359563103
1112400 2.4951662182
1113000 2.4702237999
1113600 2.4452813816
1114200 2.4203389633
1114800 2.3953965450
1115400 2.3704541267
1116000 2.3455117084
1116600 2.3201770368
1117200 2.2948423652
1117800 2.2695076936
1118400 2.2441730220
1119000 2.2188383503
1119600 2.1935036787
1120200 2.1575328907
1120800 2.1215621027
1121400 2.0855913146
1122000 2.0496205266
1122600 2.0136497386
1123200 1.9776789506
1123800 1.9600799220
1124400 1.9424808935
1125000 1.9248818649
1125600 1.9072828364
1126200 1.8896838078
1126800 1.8720847793
1127400 1.8686890190
1128000 1.8652932587
1128600 1.8618974984
1129200 1.8585017381
1129800 1.8551059778
1130400 1.8517102176
1131000 1.8525067799
1131600 1.8533033423
1132200 1.8540999046
1132800 1.8548964670
1133400 1.8556930293
1134000 1.8564895917
1134600 1.8620373813
1135200 1.8675851709
1135800 1.8731329605
1136400 1.8786807501
1137000 1.8842285397
1137600 1.8897763293
1138200 1.8880348216
1138800 1.8862933139
1139400 1.8845518061
1140000 1.8828102984
1140600 1.8810687906
1141200 1.8793272829
1141800 1.9658287525
1142400 2.0523302222
1143000 2.1388316919
1143600 2.2253331616
1144200 2.3118346312
1144800 2.3983361009
1145400 2.3931908408
1146000 2.3880455808
1146600 2.3829003207
1147200 2.3777550607
1147800 2.3726098006
1148400 2.3674645406
1149000 2.4309007972
1149600 2.4943370538
1150200 2.5577733104
1150800 2.6212095670
1151400 2.6846458236
1152000 2.7480820801
1152600 2.8020043481
1153200 2.8559266161
1153800 2.9098488840
1154400 2.9637711520
1155000 3.0176934199
1155600 3.0716156879
1156200 3.0584625492
1156800 3.0453094104
1157400 3.0321562717
1158000 3.0190031329
1158600 3.0058499942
1159200 2.9926968554
1159800 3.0431158268
1160400 3.0935347981
1161000 3.1439537695
1161600 3.1943727408
1162200 3.2447917122
1162800 3.2952106836
1163400 3.3549412519
1164000 3.4146718202
1164600 3.4744023886
1165200 3.5341329569
1165800 3.5938635253
1166400 3.6535940936
1167000 3.6877207369
1167600 3.7218473802
1168200 3.7559740235
1168800 3.7901006667
1169400 3.8242273100
1170000 3.8583539533
1170600 3.8551352558
1171200 3.8519165584
1171800 3.8486978609
1172400 3.8454791634
1173000 3.8422604659
1173600 3.8390417684
1174200 3.7354997046
1174800 3.6319576407
1175400 3.5284155769
1176000 3.4248735130
1176600 3.3213314491
1177200 3.2177893853
1177800 3.1188714012
1178400 3.0199534171
1179000 2.9210354330
1179600 2.8221174489
1180200 2.7231994648
1180800 2.6242814807
1181400 2.6471486263
1182000 2.6700157718
1182600 2.6928829174
1183200 2.7157500630
1183800 2.7386172085
1184400 2.7614843541
1185000 2.7815135013
1185600 2.8015426484
1186200 2.8215717956
1186800 2.8416009428
1187400 2.8616300899
1188000 2.8816592371
1188600 2.8536561400
1189200 2.8256530430
1189800 2.7976499460
1190400 2.7696468489
1191000 2.7416437519
1191600 2.7136406548
1192200 2.6922383642
1192800 2.6708360735
1193400 2.6494337828
1194000 2.6280314922
1194600 2.6066292015
1195200 2.5852269109
1195800 2.5318300304
1196400 2.4784331499
1197000 2.4250362694
1197600 2.3716393889
1198200 2.3182425084
1198800 2.2648456280
1199400 2.2322378467
1200000 2.1996300653
1200600 2.1670222840
1201200 2.1344145027
1201800 2.1018067214
1202400 2.0691989401
1203000 2.0673365561
1203600 2.0654741720
1204200 2.0636117880
1204800 2.0617494040
1205400 2.0598870199
1206000 2.0580246359
1206600 2.0662423178
1207200 2.0744599997
1207800 2.0826776815
1208400 2.0908953634
1209000 2.0991130453
1209600 2.1073307271
1210200 2.0809647565
1210800 2.0545987859
1211400 2.0282328153
1212000 2.0018668447
1212600 1.9755008741
1213200 1.9491349035
1213800 1.9509994564
1214400 1.9528640093
1215000 1.9547285622
1215600 1.9565931151
1216200 1.9584576680
1216800 1.9603222208
1217400 1.9745094268
1218000 1.9886966328
1218600 2.0028838388
1219200 2.0170710448
1219800 2.0312582508
1220400 2.0454454568
1221000 2.0610831964
1221600 2.0767209361
1222200 2.0923586758
1222800 2.1079964155
1223400 2.1236341551
1224000 2.1392718948
1224600 2.1487921724
1225200 2.1583124501
1225800 2.1678327277
1226400 2.1773530053
1227000 2.1868732829
1227600 2.1963935606
1228200 2.1155100153
1228800 2.0346264701
1229400 1.9537429249
1230000 1.8728593797
1230600 1.7919758345
1231200 1.7110922893
1231800 1.6335526194
1232400 1.5560129495
1233000 1.4784732796
1233600 1.4009336097
1234200 1.3233939398
1234800 1.2458542699
1235400 1.2316238010
1236000 1.2173933321
1236600 1.2031628631
1237200 1.1889323942
1237800 1.1747019253
1238400 1.1604714563
1239000 1.1290308418
1239600 1.0975902273
1240200 1.0661496127
1240800 1.0347089982
1241400 1.0032683837
1242000 0.9718277691
1242600 0.9782183251
1243200 0.9846088810
1243800 0.9909994369
1244400 0.9973899928
1245000 1.0037805487
1245600 1.0101711047
1246200 1.0542772723
1246800 1.0983834399
1247400 1.1424896075
1248000 1.1865957752
1248600 1.2307019428
1249200 1.2748081104
1249800 1.3081068173
1250400 1.3414055242
1251000 1.3747042311
1251600 1.4080029380
1252200 1.4413016449
1252800 1.4746003519
1253400 1.5131372505
1254000 1.5516741492
1254600 1.5902110478
1255200 1.6287479464
1255800 1.6672848451
1256400 1.7058217437
1257000 1.7157859205
1257600 1.7257500972
1258200 1.7357142739
1258800 1.7456784507
1259400 1.7556426274
1260000 1.7656068041
1260600 1.7278223690
1261200 1.6900379338
1261800 1.6522534987
1262400 1.6144690635
1263000 1.5766846284
1263600 1.5389001932
1264200 1.4483119110
1264800 1.3577236288
1265400 1.2671353466
1266000 1.1765470644
1266600 1.0859587822
1267200 0.9953705000
1267800 1.1551484447
1268400 1.3149263893
1269000 1.4747043339
1269600 1.6344822785
1270200 1.7942602231
1270800 1.9540381677
1271400 1.9723756747
1272000 1.9907131817
1272600 2.0090506887
1273200 2.0273881957
1273800 2.0457257027
1274400 2.0640632097
1275000 2.0614165474
1275600 2.0587698851
1276200 2.0561232228
1276800 2.0534765605
1277400 2.0508298982
1278000 2.0481832359
1278600 1.9981157658
1279200 1.9480482957
1279800 1.8979808256
1280400 1.8479133555
1281000 1.7978458854
1281600 1.7477784153
1282200 1.6531034366
1282800 1.5584284579
1283400 1.4637534792
1284000 1.3690785004
1284600 1.2744035217
1285200 1.1797285430
1285800 1.0983777233
1286400 1.0170269036
1287000 0.9356760839
1287600 0.8543252642
1288200 0.7729744445
1288800 0.6916236248
1289400 0.6920032430
1290000 0.6923828612
1290600 0.6927624794
1291200 0.6931420977
1291800 0.6935217159
1292400 0.6939013341
1293000 0.6393382745
1293600 0.5847752150
1294200 0.5302121555
1294800 0.4756490959
1295400 0.4210860364
1296000 0.3665229768
1296600 0.3160223158
1297200 0.2655216548
1297800 0.2150209937
1298400 0.1645203327
1299000 0.1140196717
1299600 0.0635190107
1300200 0.0963241783
1300800 0.1291293459
1301400 0.1619345135
1302000 0.1947396811
1302600 0.2275448488
1303200 0.2603500164
1303800 0.3915787827
1304400 0.5228075490
1305000 0.6540363154
1305600 0.7852650817
1306200 0.9164938480
1306800 1.0477226143
1307400 1.0800156257
1308000 1.1123086371
1308600 1.1446016485
1309200 1.1768946599
1309800 1.2091876713
1310400 1.2414806827
1311000 1.1883199837
1311600 1.1351592846
1312200 1.0819985856
1312800 1.0288378866
1313400 0.9756771876
1314000 0.9225164886
1314600 0.8910650307
1315200 0.8596135728
1315800 0.8281621149
1316400 0.7967106570
1317000 0.7652591991
1317600 0.7338077412
1318200 0.6691051238
1318800 0.6044025065
1319400 0.5396998891
1320000 0.4749972718
1320600 0.4102946544
1321200 0.3455920371
1321800 0.3133874080
1322400 0.2811827789
1323000 0.2489781498
1323600 0.2167735207
1324200 0.1845688916
1324800 0.1523642626
1325400 0.2033057286
1326000 0.2542471947
1326600 0.3051886608
1327200 0.3561301268
1327800 0.4070715929
1328400 0.4580130589
1329000 0.5086290935
1329600 0.5592451281
1330200 0.6098611627
1330800 0.6604771973
1331400 0.7110932319
1332000 0.7617092665
1332600 0.8378619840
1333200 0.9140147015
1333800 0.9901674190
1334400 1.0663201365
1335000 1.1424728540
1335600 1.2186255714
1336200 1.2654238497
1336800 1.3122221280
1337400 1.3590204063
1338000 1.4058186846
1338600 1.4526169629
1339200 1.4994152412
1339800 1.5232564655
1340400 1.5470976899
1341000 1.5709389142
1341600 1.5947801385
1342200 1.6186213629
1342800 1.6424625872
1343400 1.6712646029
1344000 1.7000666186
1344600 1.7288686344
1345200 1.7576706501
1345800 1.7864726658
1346400 1.8152746815
1347000 1.8202374919
1347600 1.8252003022
1348200 1.8301631126
1348800 1.8351259230
1349400 1.8400887333
1350000 1.8450515437
1350600 1.7552139638
1351200 1.6653763838
1351800 1.5755388039
1352400 1.4857012240
1353000 1.3958636441
1353600 1.3060260641
1354200 1.4452885860
1354800 1.5845511079
1355400 1.7238136299
1356000 1.8630761518
1356600 2.0023386737
1357200 2.1416011956
1357800 2.1482594515
1358400 2.1549177073
1359000 2.1615759632
1359600 2.1682342191
1360200 2.1748924750
1360800 2.1815507309
1361400 2.1646017672
1362000 2.1476528035
1362600 2.1307038398
1363200 2.1137548761
1363800 2.0968059124
1364400 2.0798569487
1365000 2.0535257100
1365600 2.0271944713
1366200 2.0008632326
1366800 1.9745319940
1367400 1.9482007553
1368000 1.9218695166
1368600 1.9058469630
1369200 1.8898244093
1369800 1.8738018557
1370400 1.8577793021
1371000 1.8417567484
1371600 1.8257341948
1372200 1.7754966848
1372800 1.7252591748
1373400 1.6750216647
1374000 1.6247841547
1374600 1.5745466447
1375200 1.5243091347
1375800 1.4101280827
1376400 1.2959470307
1377000 1.1817659787
1377600 1.0675849268
1378200 0.9534038748
1378800 0.8392228228
1379400 0.9316958446
1380000 1.0241688664
1380600 1.1166418882
1381200 1.2091149100
1381800 1.3015879318
1382400 1.3940609536
1383000 1.4195524964
1383600 1.4450440393
1384200 1.4705355821
1384800 1.4960271250
1385400 1.5215186678
1386000 1.5470102107
1386600 1.4767824751
1387200 1.4065547395
1387800 1.3363270038
1388400 1.2660992682
1389000 1.1958715326
1389600 1.1256437970
1390200 1.0581239381
1390800 0.9906040791
1391400 0.9230842202
1392000 0.8555643612
1392600 0.7880445023
1393200 0.7205246434
1393800 0.7051441991
1394400 0.6897637549
1395000 0.6743833106
1395600 0.6590028664
1396200 0.6436224221
1396800 0.6282419779
1397400 0.6497702847
1398000 0.6712985916
1398600 0.6928268985
1399200 0.7143552053
1399800 0.7358835122
1400400 0.7574118191
1401000 0.9263068419
1401600 1.0952018648
1402200 1.2640968876
1402800 1.4329919104
1403400 1.6018869333
1404000 1.7707819561
1404600 1.9578541304
1405200 2.1449263048
1405800 2.3319984791
1406400 2.5190706534
1407000 2.7061428277
1407600 2.8932150020
1408200 2.9635620114
1408800 3.0339090207
1409400 3.1042560301
1410000 3.1746030394
1410600 3.2449500488
1411200 3.3152970581
1411800 3.4304484311
1412400 3.5455998040
1413000 3.6607511769
1413600 3.7759025498
1414200 3.8910539227
1414800 4.0062052957
1415400 4.0233202805
1416000 4.0404352653
1416600 4.0575502501
1417200 4.0746652350
1417800 4.0917802198
1418400 4.1088952046
1419000 4.2052834654
1419600 4.3016717261
1420200 4.3980599869
1420800 4.4944482476
1421400 4.5908365084
1422000 4.6872247692
1422600 4.6984236153
1423200 4.7096224615
1423800 4.7208213077
1424400 4.7320201539
1425000 4.7432190001
1425600 4.7544178463
1426200 4.7487690621
1426800 4.7431202780
1427400 4.7374714938
1428000 4.7318227096
1428600 4.7261739255
1429200 4.7205251413
1429800 4.6673656108
1430400 4.6142060804
1431000 4.5610465499
1431600 4.5078870194
1432200 4.4547274889
1432800 4.4015679584
1433400 4.3050774354
1434000 4.2085869124
1434600 4.1120963894
1435200 4.0156058665
1435800 3.9191153435
1436400 3.8226248205
1437000 3.7642329746
1437600 3.7058411288
1438200 3.6474492829
1438800 3.5890574371
1439400 3.5306655912
1440000 3.4722737454
1440600 3.4366616217
1441200 3.4010494981
1441800 3.3654373745
1442400 3.3298252509
1443000 3.2942131273
1443600 3.2586010037
1444200 3.3140569883
1444800 3.3695129729
1445400 3.4249689575
1446000 3.4804249421
1446600 3.5358809267
1447200 3.5913369112
1447800 3.6305974592
1448400 3.6698580072
1449000 3.7091185552
1449600 3.7483791032
1450200 3.7876396512
1450800 3.8269001991
1451400 3.8226211699
1452000 3.8183421406
1452600 3.8140631113
1453200 3.8097840820
1453800 3.8055050528
1454400 3.8012260235
1455000 3.8177115261
1455600 3.8341970287
1456200 3.8506825313
1456800 3.8671680339
1457400 3.8836535365
1458000 3.9001390391
1458600 3.8442119409
1459200 3.7882848427
1459800 3.7323577445
1460400 3.6764306463
1461000 3.6205035481
1461600 3.5645764499
1462200 3.6314785705
1462800 3.6983806910
1463400 3.7652828115
1464000 3.8321849320
1464600 3.8990870525
1465200 3.9659891730
1465800 3.9973246619
1466400 4.0286601507
1467000 4.0599956395
1467600 4.0913311283
1468200 4.1226666171
1468800 4.1540021059
1469400 4.1966046985
1470000 4.2392072911
1470600 4.2818098837
1471200 4.3244124763
1471800 4.3670150689
1472400 4.4096176615
1473000 4.4429482583
1473600 4.4762788552
1474200 4.5096094520
1474800 4.5429400488
1475400 4.5762706457
1476000 4.6096012425
1476600 4.6491750329
1477200 4.6887488233
1477800 4.7283226137
1478400 4.7678964041
1479000 4.8074701945
1479600 4.8470439849
1480200 4.8302770129
1480800 4.8135100408
1481400 4.7967430688
1482000 4.7799760967
1482600 4.7632091247
1483200 4.7464421526
1483800 4.7342909663
1484400 4.7221397799
1485000 4.7099885936
1485600 4.6978374072
1486200 4.6856862209
1486800 4.6735350345
1487400 4.6544578774
1488000 4.6353807203
1488600 4.6163035632
1489200 4.5972264061
1489800 4.5781492490
1490400 4.5590720919
1491000 4.4619349919
1491600 4.3647978919
1492200 4.2676607919
1492800 4.1705236919
1493400 4.0733865919
1494000 3.9762494919
1494600 4.1627023197
1495200 4.3491551474
1495800 4.5356079752
1496400 4.7220608029
1497000 4.9085136307
1497600 5.0949664584
1498200 5.2692860099
1498800 5.4436055613
1499400 5.6179251128
1500000 5.7922446642
1500600 5.9665642157
1501200 6.1408837672
1501800 5.8502505879
1502400 5.5596174086
1503000 5.2689842294
1503600 4.9783510501
1504200 4.6877178709
1504800 4.3970846916
1505400 4.4615769876
1506000 4.5260692837
1506600 4.5905615797
1507200 4.6550538757
1507800 4.7195461717
1508400 4.7840384678
1509000 4.7797120779
1509600 4.7753856880
1510200 4.7710592982
1510800 4.7667329083
1511400 4.7624065184
1512000 4.7580801286
1512600 4.7098853661
1513200 4.6616906036
1513800 4.6134958411
1514400 4.5653010787
1515000 4.5171063162
1515600 4.4689115537
1516200 4.3733168732
1516800 4.2777221927
1517400 4.1821275121
1518000 4.0865328316
1518600 3.9909381511
1519200 3.8953434706
1519800 3.8537880171
1520400 3.8122325636
1521000 3.7706771101
1521600 3.7291216567
1522200 3.6875662032
1522800 3.6460107497
1523400 3.5268296118
1524000 3.4076484739
1524600 3.2884673359
1525200 3.1692861980
1525800 3.0501050601
1526400 2.9309239221
1527000 2.8749316720
1527600 2.8189394218
1528200 2.7629471717
1528800 2.7069549215
1529400 2.6509626714
1530000 2.5949704212
1530600 2.5558347182
1531200 2.5166990151
1531800 2.4775633121
1532400 2.4384276090
1533000 2.3992919060
1533600 2.3601562029
1534200 2.3576431694
1534800 2.3551301359
1535400 2.3526171023
1536000 2.3501040688
1536600 2.3475910352
1537200 2.3450780017
1537800 2.3429039793
1538400 2.3407299568
1539000 2.3385559344
1539600 2.3363819120
1540200 2.3342078895
1540800 2.3320338671
1541400 2.3526659962
1542000 2.3732981254
1542600 2.3939302545
1543200 2.4145623836
1543800 2.4351945127
1544400 2.4558266419
1545000 2.4686574555
1545600 2.4814882692
1546200 2.4943190828
1546800 2.5071498965
1547400 2.5199807101
1548000 2.5328115238
1548600 2.5457309412
1549200 2.5586503586
1549800 2.5715697760
1550400 2.5844891934
1551000 2.5974086108
1551600 2.6103280282
1552200 2.5373464564
1552800 2.4643648847
1553400 2.3913833130
1554000 2.3184017412
1554600 2.2454201695
1555200 2.1724385978
1555800 2.1721745040
1556400 2.1719104103
1557000 2.1716463165
1557600 2.1713822228
1558200 2.1711181290
1558800 2.1708540353
1559400 2.0947625586
1560000 2.0186710820
1560600 1.9425796053
1561200 1.8664881287
1561800 1.7903966521
1562400 1.7143051754
1563000 1.6828000832
1563600 1.6512949910
1564200 1.6197898988
1564800 1.5882848066
1565400 1.5567797144
1566000 1.5252746222
1566600 1.5450834948
1567200 1.5648923675
1567800 1.5847012402
1568400 1.6045101128
1569000 1.6243189855
1569600 1.6441278582
1570200 1.7146870667
1570800 1.7852462752
1571400 1.8558054837
1572000 1.9263646922
1572600 1.9969239007
1573200 2.0674831092
1573800 2.1636003990
1574400 2.2597176887
1575000 2.3558349785
1575600 2.4519522683
1576200 2.5480695580
1576800 2.6441868478
1577400 2.7285848857
1578000 2.8129829236
1578600 2.8973809615
1579200 2.9817789994
1579800 3.0661770373
1580400 3.1505750752
1581000 3.1486779337
1581600 3.1467807923
1582200 3.1448836508
1582800 3.1429865093
1583400 3.1410893678
1584000 3.1391922264
1584600 3.2568211399
1585200 3.3744500535
1585800 3.4920789670
1586400 3.6097078806
1587000 3.7273367941
1587600 3.8449657076
1588200 4.0991198970
1588800 4.3532740864
1589400 4.6074282757
1590000 4.8615824651
1590600 5.1157366544
1591200 5.3698908438
1591800 5.4061774135
1592400 5.4424639831
1593000 5.4787505528
1593600 5.5150371225
1594200 5.5513236921
1594800 5.5876102618
1595400 5.7244873505
1596000 5.8613644392
1596600 5.9982415279
1597200 6.1351186167
1597800 6.2719957054
1598400 6.4088727941
1599000 6.2469677536
1599600 6.0850627131
1600200 5.9231576727
1600800 5.7612526322
1601400 5.5993475917
1602000 5.4374425513
1602600 5.1881365325
1603200 4.9388305138
1603800 4.6895244950
1604400 4.4402184763
1605000 4.1909124576
1605600 3.9416064388
1606200 3.9243606776
1606800 3.9071149163
1607400 3.8898691551
1608000 3.8726233939
1608600 3.8553776327
1609200 3.8381318714
1609800 3.7058578424
1610400 3.5735838134
1611000 3.4413097845
1611600 3.3090357555
1612200 3.1767617265
1612800 3.0444876975
1613400 2.9776720964
1614000 2.9108564952
1614600 2.8440408941
1615200 2.7772252929
1615800 2.7104096918
1616400 2.6435940907
1617000 2.8399762073
1617600 3.0363583239
1618200 3.2327404406
1618800 3.4291225572
1619400 3.6255046739
1620000 3.8218867905
1620600 3.9544127764
1621200 4.0869387623
1621800 4.2194647481
1622400 4.3519907340
1623000 4.4845167198
1623600 4.6170427057
1624200 4.7389362869
1624800 4.8608298681
1625400 4.9827234493
1626000 5.1046170305
1626600 5.2265106117
1627200 5.3484041929
1627800 5.3134624876
1628400 5.2785207824
1629000 5.2435790771
1629600 5.2086373718
1630200 5.1736956666
1630800 5.1387539613
1631400 5.1192886613
1632000 5.0998233613
1632600 5.0803580613
1633200 5.0608927613
1633800 5.0414274613
1634400 5.0219621613
1635000 5.0535623359
1635600 5.0851625105
1636200 5.1167626852
1636800 5.1483628598
1637400 5.1799630344
1638000 5.2115632090
1638600 5.3401786392
1639200 5.4687940694
1639800 5.5974094995
1640400 5.7260249297
1641000 5.8546403599
1641600 5.9832557900
1642200 6.0396233877
1642800 6.0959909853
1643400 6.1523585829
1644000 6.2087261805
1644600 6.2650937781
1645200 6.3214613757
1645800 6.2601875581
1646400 6.1989137405
1647000 6.1376399229
1647600 6.0763661053
1648200 6.0150922878
1648800 5.9538184702
1649400 5.8486542827
1650000 5.7434900953
1650600 5.6383259079
1651200 5.5331617204
1651800 5.4279975330
1652400 5.3228333456
1653000 5.2961120966
1653600 5.2693908476
1654200 5.2426695986
1654800 5.2159483496
1655400 5.1892271006
1656000 5.1625058516
1656600 5.1334808498
1657200 5.1044558480
1657800 5.0754308461
1658400 5.0464058443
1659000 5.0173808425
1659600 4.9883558407
1660200 4.9141243460
1660800 4.8398928514
1661400 4.7656613567
1662000 4.6914298620
1662600 4.6171983674
1663200 4.5429668727
1663800 4.4507785082
1664400 4.3585901437
1665000 4.2664017792
1665600 4.1742134147
1666200 4.0820250501
1666800 3.9898366856
1667400 4.1908985805
1668000 4.3919604754
1668600 4.5930223703
1669200 4.7940842652
1669800 4.9951461601
1670400 5.1962080550
1671000 5.2611844941
1671600 5.3261609332
1672200 5.3911373722
1672800 5.4561138113
1673400 5.5210902503
1674000 5.5860666894
1674600 5.4371743666
1675200 5.2882820437
1675800 5.1393897209
1676400 4.9904973981
1677000 4.8416050752
1677600 4.6927127524
1678200 4.6598257194
1678800 4.6269386863
1679400 4.5940516533
1680000 4.5611646203
1680600 4.5282775872
1681200 4.4953905542
1681800 4.7069063835
1682400 4.9184222128
1683000 5.1299380421
1683600 5.3414538714
1684200 5.5529697007
1684800 5.7644855299
1685400 5.7815501603
1686000 5.7986147907
1686600 5.8156794211
1687200 5.8327440514
1687800 5.8498086818
1688400 5.8668733122
1689000 5.7808835004
1689600 5.6948936885
1690200 5.6089038767
1690800 5.5229140649
1691400 5.4369242530
1692000 5.3509344412
1692600 5.3270191256
1693200 5.3031038101
1693800 5.2791884945
1694400 5.2552731790
1695000 5.2313578634
1695600 5.2074425479
1696200 5.2583161981
1696800 5.3091898482
1697400 5.3600634984
1698000 5.4109371486
1698600 5.4618107988
1699200 5.5126844490
1699800 5.4560223319
1700400 5.3993602149
1701000 5.3426980978
1701600 5.2860359808
1702200 5.2293738637
1702800 5.1727117466
1703400 5.2053317047
1704000 5.2379516627
1704600 5.2705716207
1705200 5.3031915787
1705800 5.3358115368
1706400 5.3684314948
1707000 5.3664188433
1707600 5.3644061918
1708200 5.3623935404
1708800 5.3603808889
1709400 5.3583682374
1710000 5.3563555859
1710600 5.3744251714
1711200 5.3924947569
1711800 5.4105643424
1712400 5.4286339279
1713000 5.4467035134
1713600 5.4647730988
1714200 5.5127364312
1714800 5.5606997636
1715400 5.6086630960
1716000 5.6566264284
1716600 5.7045897608
1717200 5.7525530932
1717800 5.7203373291
1718400 5.6881215649
1719000 5.6559058008
1719600 5.6236900366
1720200 5.5914742725
1720800 5.5592585083
1721400 5.5953047034
1722000 5.6313508984
1722600 5.6673970935
1723200 5.7034432885
1723800 5.7394894836
1724400 5.7755356786
1725000 5.8882664920
1725600 6.0009973054
1726200 6.1137281189
1726800 6.2264589323
1727400 6.3391897457
1728000 6.4519205591
1728600 6.4222777794
1729200 6.3926349996
1729800 6.3629922199
1730400 6.3333494401
1731000 6.3037066604
1731600 6.2740638806
1732200 6.2037762880
1732800 6.1334886954
1733400 6.0632011029
1734000 5.9929135103
1734600 5.9226259177
1735200 5.8523383251
1735800 5.7451667359
1736400 5.6379951468
1737000 5.5308235577
1737600 5.4236519685
1738200 5.3164803794
1738800 5.2093087902
1739400 5.1170667020
1740000 5.0248246138
1740600 4.9325825256
1741200 4.8403404373
1741800 4.7480983491
1742400 4.6558562609
1743000 4.6001943717
1743600 4.5445324825
1744200 4.4888705933
1744800 4.4332087041
1745400 4.3775468149
1746000 4.3218849257
1746600 4.3176106357
1747200 4.3133363456
1747800 4.3090620556
1748400 4.3047877656
1749000 4.3005134756
1749600 4.2962391855
1750200 4.2592199385
1750800 4.2222006915
1751400 4.1851814445
1752000 4.1481621974
1752600 4.1111429504
1753200 4.0741237034
1753800 4.1415734602
1754400 4.2090232171
1755000 4.2764729740
1755600 4.3439227309
1756200 4.4113724878
1756800 4.4788222446
1757400 4.4060602782
1758000 4.3332983118
1758600 4.2605363454
1759200 4.1877743790
1759800 4.1150124126
1760400 4.0422504462
1761000 3.8657169851
1761600 3.6891835240
1762200 3.5126500629
1762800 3.3361166018
1763400 3.1595831407
1764000 2.9830496796
1764600 3.0851993197
1765200 3.1873489597
1765800 3.2894985997
1766400 3.3916482397
1767000 3.4937978797
1767600 3.5959475197
1768200 3.6365540401
1768800 3.6771605604
1769400 3.7177670807
1770000 3.7583736010
1770600 3.7989801213
1771200 3.8395866417
1771800 3.7915315212
1772400 3.7434764008
1773000 3.6954212803
1773600 3.6473661599
1774200 3.5993110394
1774800 3.5512559190
1775400 3.5873422310
1776000 3.6234285430
1776600 3.6595148550
1777200 3.6956011670
1777800 3.7316874790
1778400 3.7677737910
1779000 3.7190481176
1779600 3.6703224442
1780200 3.6215967708
1780800 3.5728710974
1781400 3.5241454240
1782000 3.4754197506
1782600 3.3149204450
1783200 3.1544211394
1783800 2.9939218338
1784400 2.8334225282
1785000 2.6729232226
1785600 2.5124239169
1786200 2.4701499457
1786800 2.4278759744
1787400 2.3856020031
1788000 2.3433280318
1788600 2.3010540605
1789200 2.2587800892
1789800 2.4135399489
1790400 2.5682998085
1791000 2.7230596681
1791600 2.8778195278
1792200 3.0325793874
1792800 3.1873392471
1793400 3.2181289393
1794000 3.2489186315
1794600 3.2797083238
1795200 3.3104980160
1795800 3.3412877082
1796400 3.3720774005
1797000 3.2879765712
1797600 3.2038757418
1798200 3.1197749125
1798800 3.0356740832
1799400 2.9515732539
1800000 2.8674724246
1800600 2.8267200500
1801200 2.7859676754
1801800 2.7452153008
1802400 2.7044629262
1803000 2.6637105516
1803600 2.6229581770
1804200 2.5619855203
1804800 2.5010128636
1805400 2.4400402068
1806000 2.3790675501
1806600 2.3180948934
1807200 2.2571222366
1807800 2.2471139142
1808400 2.2371055918
1809000 2.2270972693
1809600 2.2170889469
1810200 2.2070806245
1810800 2.1970723020
1811400 2.1758724467
1812000 2.1546725914
1812600 2.1334727360
1813200 2.1122728807
1813800 2.0910730253
1814400 2.0698731700
1815000 2.0554348583
1815600 2.0409965467
1816200 2.0265582351
1816800 2.0121199235
1817400 1.9976816119
1818000 1.9832433002
1818600 1.9942699203
1819200 2.0052965403
1819800 2.0163231603
1820400 2.0273497804
1821000 2.0383764004
1821600 2.0494030205
1822200 2.0576484215
1822800 2.0658938226
1823400 2.0741392237
1824000 2.0823846248
1824600 2.0906300259
1825200 2.0988754269
1825800 2.0616465996
1826400 2.0244177722
1827000 1.9871889448
1827600 1.9499601175
1828200 1.9127312901
1828800 1.8755024627
1829400 1.8552236670
1830000 1.8349448713
1830600 1.8146660756
1831200 1.7943872799
1831800 1.7741084841
1832400 1.7538296884
1833000 1.8360692662
1833600 1.9183088439
1834200 2.0005484217
1834800 2.0827879995
1835400 2.1650275772
1836000 2.2472671550
1836600 2.2322340220
1837200 2.2172008889
1837800 2.2021677559
1838400 2.1871346229
1839000 2.1721014899
1839600 2.1570683569
1840200 2.2630898735
1840800 2.3691113902
1841400 2.4751329068
1842000 2.5811544235
1842600 2.6871759402
1843200 2.7931974568
1843800 2.7933797512
1844400 2.7935620456
1845000 2.7937443400
1845600 2.7939266344
1846200 2.7941089288
1846800 2.7942912232
1847400 2.7209675069
1848000 2.6476437906
1848600 2.5743200742
1849200 2.5009963579
1849800 2.4276726416
1850400 2.3543489252
1851000 2.3214307830
1851600 2.2885126408
1852200 2.2555944985
1852800 2.2226763563
1853400 2.1897582140
1854000 2.1568400718
1854600 2.1084853643
1855200 2.0601306568
1855800 2.0117759494
1856400 1.9634212419
1857000 1.9150665344
1857600 1.8667118269
1858200 1.8117756142
1858800 1.7568394016
1859400 1.7019031889
1860000 1.6469669763
1860600 1.5920307636
1861200 1.5370945509
1861800 1.5109035131
1862400 1.4847124752
1863000 1.4585214373
1863600 1.4323303994
1864200 1.4061393615
1864800 1.3799483237
1865400 1.3368497146
1866000 1.2937511056
1866600 1.2506524966
1867200 1.2075538876
1867800 1.1644552785
1868400 1.1213566695
1869000 1.0723614762
1869600 1.0233662828
1870200 0.9743710895
1870800 0.9253758961
1871400 0.8763807028
1872000 0.8273855094
1872600 0.9242627650
1873200 1.0211400207
1873800 1.1180172763
1874400 1.2148945320
1875000 1.3117717876
1875600 1.4086490433
1876200 1.4543097248
1876800 1.4999704063
1877400 1.5456310877
1878000 1.5912917692
1878600 1.6369524507
1879200 1.6826131322
1879800 1.7609881526
1880400 1.8393631730
1881000 1.9177381934
1881600 1.9961132139
1882200 2.0744882343
1882800 2.1528632547
1883400 2.1663266017
1884000 2.1797899488
1884600 2.1932532958
1885200 2.2067166428
1885800 2.2201799898
1886400 2.2336433368
1887000 2.2503029541
1887600 2.2669625715
1888200 2.2836221888
1888800 2.3002818061
1889400 2.3169414234
1890000 2.3336010407
1890600 2.2821370874
1891200 2.2306731340
1891800 2.1792091807
1892400 2.1277452273
1893000 2.0762812739
1893600 2.0248173206
1894200 2.0585451867
1894800 2.0922730529
1895400 2.1260009191
1896000 2.1597287852
1896600 2.1934566514
1897200 2.2271845175
1897800 2.2572317295
1898400 2.2872789415
1899000 2.3173261535
1899600 2.3473733655
1900200 2.3774205775
1900800 2.4074677894
