# time wind speed 10m
0 1.737665018742338
3600 1.825545331053502
7200 1.8618942605750024
10800 1.873733130081986
14400 1.6642979721267754
18000 1.3351752564187624
21600 1.1402595458963896
25200 1.220792178624969
28800 0.990809249407288
32400 0.991839602374686
36000 0.9994635373519303
39600 0.9939411933830065
43200 1.1497922154150761
46800 1.0163599575963163
50400 0.6281601540729925
54000 0.7142309373960862
57600 1.246961419534913
61200 1.8562370803196555
64800 1.4589236634937184
68400 1.3561810215569823
72000 1.1267681235459723
75600 1.2857987513842026
79200 1.6425249084590485
82800 1.7425912706699769
86400 1.6718922109614853
90000 1.6485375757738039
93600 1.7149641523150128
97200 1.650670794401437
100800 1.5290637593767993
104400 1.2290416307460394
108000 2.4536889234905943
111600 2.701888097418237
115200 2.6303473179062906
118800 2.4212566377042317
122400 2.402754594399632
126000 2.522223165834705
129600 2.858789510727545
133200 3.023991336370638
136800 3.073509602038512
140400 3.0682794499353148
144000 2.586542084232133
147600 2.143040783786117
151200 2.055966032562769
154800 2.393296789964275
158400 2.439589093722031
162000 2.3135519628326624
165600 2.146975781228292
169200 1.9011297927585877
172800 1.7183441412399616
176400 1.5840976472621906
180000 1.5756029289244902
183600 1.6288633663949879
187200 1.664090961464193
190800 1.5391389266876498
194400 1.8553465115913352
198000 1.8142022207311415
201600 2.466204651538097
205200 2.6917909934068613
208800 2.923597997301322
212400 2.811314141632741
216000 2.760473158663359
219600 2.694964599141116
223200 2.6902163547756617
226800 2.63235573819621
230400 2.3819919655214585
234000 1.8153161470726997
237600 1.675759721191983
241200 1.7981896691200687
244800 2.2711062691163546
248400 2.2739928911220475
252000 2.3693548895373726
255600 2.2798951109296537
259200 2.0158655052364796
262800 2.003559486475134
266400 1.9446215479679994
270000 2.130009116435791
273600 2.1298663206699437
277200 2.1003205973849974
280800 2.4404977165599924
284400 2.359547734746564
288000 2.326939125638884
291600 2.311672452719339
295200 2.5926475625454986
298800 3.7126601296481954
302400 4.460839229178169
306000 5.1773332555253875
309600 5.653997792703793
313200 5.299430423826496
316800 5.314499413971455
320400 4.787689555651235
324000 3.803405638599264
327600 3.5626543362023977
331200 3.1282326483177654
334800 3.130461888120801
338400 3.3445023027844045
342000 3.3287609391666795
345600 3.189429517728051
349200 3.055462727418777
352800 2.9720420719824583
356400 2.8122485228461787
360000 2.618054547000418
363600 2.3072944321053077
367200 3.263024966673611
370800 4.077317011542278
374400 4.007171475033084
378000 3.838741764602461
381600 3.765028660989364
385200 3.8442819364361083
388800 3.909921844440826
392400 3.827332353031783
396000 3.8460924946573463
399600 3.8528328471894704
403200 3.646501285778544
406800 2.986752081700572
410400 1.984562930722622
414000 2.3760558318764495
417600 2.511802471207587
421200 2.538294349834327
424800 2.57691556679339
428400 2.533786007542563
432000 2.4786854356230226
